Inputfile;D:/Rawdata/phenoPET/2023-08-16_Maize_Paul_03/Run01_SPPPaulMais03Pfl21Mssg06_ID21_9000s\images_frame_00_0s-300s--iteration-014.img
Number of virtual detectors;18
Detector radius [px];5.0
Detector height [px];8.0
Voxel size X [mm]);0.8999999999999987;Voxel size Y [mm]);0.8999999999999987;Voxel size Z [mm]);1.0000000000000009

# ROI 1; cumulated distance [mm]: 0; pos: (115.731, 114.564, 23.2528)
  0.000000 933.850606
  5.000000 1800.644631
 10.000000 2263.742058
 15.000000 11358.701180
 20.000000 33647.734574
 25.000000 57773.575296
 30.000000 71898.958869
 35.000000 73364.729763
 40.000000 66495.589035
 45.000000 57862.949533
 50.000000 48446.151583
 55.000000 40337.894148
 60.000000 33818.938728
 65.000000 28817.751474
 70.000000 24551.909111
 75.000000 20576.994831
 80.000000 18267.262654
 85.000000 15641.179677
 90.000000 14196.782614
 95.000000 13374.445597
100.000000 12869.409702
105.000000 12614.346230
110.000000 10572.223908
115.000000 10554.966442
120.000000 9196.172486
125.000000 9641.193832
130.000000 8429.698745
135.000000 7195.135009
140.000000 5383.033630
145.000000 6026.689078

# ROI 2; cumulated distance [mm]: 11.92927500865018; pos: (122.95772613918469, 110.86195494092367, 31.99218750266854)
  0.000000 663.624157
  5.000000 1332.897451
 10.000000 979.430783
 15.000000 3369.436174
 20.000000 12155.820696
 25.000000 24301.299690
 30.000000 33317.717642
 35.000000 37017.281199
 40.000000 34930.674294
 45.000000 31363.634048
 50.000000 27063.314831
 55.000000 21994.536315
 60.000000 18601.505677
 65.000000 15279.593294
 70.000000 12331.120534
 75.000000 10797.616051
 80.000000 8693.578705
 85.000000 8065.421797
 90.000000 6473.573757
 95.000000 5723.932480
100.000000 4616.294693
105.000000 4307.408352
110.000000 3872.177667
115.000000 3841.316233
120.000000 2666.218573
125.000000 2593.227245
130.000000 2331.588200
135.000000 2194.757836
140.000000 2566.980812
145.000000 1544.362897

# ROI 3; cumulated distance [mm]: 23.927556396495838; pos: (129.1357165962848, 107.29893577249136, 41.64081873094582)
  0.000000 442.346666
  5.000000 1105.588363
 10.000000 768.435168
 15.000000 2276.755090
 20.000000 9863.274837
 25.000000 22798.049171
 30.000000 34420.349635
 35.000000 39949.085292
 40.000000 40151.411824
 45.000000 35605.597370
 50.000000 31434.429273
 55.000000 26420.355988
 60.000000 22068.768241
 65.000000 18023.583665
 70.000000 15117.685229
 75.000000 11940.569036
 80.000000 9793.152153
 85.000000 9409.109035
 90.000000 6974.111099
 95.000000 6281.819945
100.000000 5818.817141
105.000000 4779.583538
110.000000 3918.039516
115.000000 4766.951162
120.000000 3287.310726
125.000000 2651.367621
130.000000 3335.552017
135.000000 2855.144889
140.000000 1437.472900
145.000000 2185.901838

# ROI 4; cumulated distance [mm]: 36.11121168551206; pos: (134.41935382528163, 103.85447674863259, 52.064845585616204)
  0.000000 257.309362
  5.000000 841.695286
 10.000000 653.361459
 15.000000 1321.364018
 20.000000 6714.345770
 25.000000 18716.004690
 30.000000 31692.276762
 35.000000 39557.061660
 40.000000 40386.069112
 45.000000 37618.090015
 50.000000 33153.869798
 55.000000 27484.534022
 60.000000 22319.355191
 65.000000 17601.777160
 70.000000 14424.950192
 75.000000 11788.707285
 80.000000 10152.085183
 85.000000 7954.761943
 90.000000 6636.945928
 95.000000 5635.836809
100.000000 5673.663023
105.000000 4940.912953
110.000000 3286.359861
115.000000 4589.223109
120.000000 2707.045563
125.000000 2780.150656
130.000000 2172.953663
135.000000 1987.825179
140.000000 1686.557360
145.000000 1145.462608

# ROI 5; cumulated distance [mm]: 48.186573876837926; pos: (140.66280317573805, 100.60619726218349, 61.87720476360706)
  0.000000 134.269179
  5.000000 670.860653
 10.000000 627.643047
 15.000000 756.291096
 20.000000 3441.379386
 25.000000 12278.085872
 30.000000 24476.557895
 35.000000 33765.218312
 40.000000 36590.045915
 45.000000 35800.666573
 50.000000 31722.108201
 55.000000 27310.891685
 60.000000 22790.373180
 65.000000 18800.056193
 70.000000 16209.212683
 75.000000 13662.616494
 80.000000 11475.429070
 85.000000 9381.230015
 90.000000 7714.407906
 95.000000 7258.595678
100.000000 6216.776446
105.000000 5429.035330
110.000000 5099.973647
115.000000 4443.252090
120.000000 4024.887732
125.000000 3552.281560
130.000000 3217.385404
135.000000 2999.203346
140.000000 2773.918099
145.000000 2368.965681

# ROI 6; cumulated distance [mm]: 59.99667966868998; pos: (144.91281347492418, 98.01065562754775, 72.58604106333738)
  0.000000  68.843769
  5.000000 377.357050
 10.000000 419.747506
 15.000000 407.781300
 20.000000 1965.233855
 25.000000 8392.248660
 30.000000 20311.724591
 35.000000 32044.462278
 40.000000 39861.274586
 45.000000 43884.859976
 50.000000 44035.788437
 55.000000 42308.364600
 60.000000 38995.983190
 65.000000 33973.199400
 70.000000 29405.795379
 75.000000 24806.281925
 80.000000 20819.347799
 85.000000 17817.367748
 90.000000 15575.881448
 95.000000 12590.152034
100.000000 10833.871499
105.000000 9365.043248
110.000000 8474.792178
115.000000 7753.809587
120.000000 6611.931054
125.000000 6152.698768
130.000000 5248.528082
135.000000 3751.128232
140.000000 4040.907252
145.000000 3137.954558

# ROI 7; cumulated distance [mm]: 72.44467994989233; pos: (145.71514059221957, 98.48957165319135, 84.99892234199497)
  0.000000  27.126944
  5.000000 221.366510
 10.000000 320.860175
 15.000000 292.344531
 20.000000 866.235278
 25.000000 4423.413693
 30.000000 12649.051681
 35.000000 22014.524806
 40.000000 28218.111892
 45.000000 30655.756657
 50.000000 29758.285126
 55.000000 27202.765416
 60.000000 24292.253589
 65.000000 20152.531165
 70.000000 17354.490091
 75.000000 14236.437411
 80.000000 11989.865844
 85.000000 10364.491045
 90.000000 9210.228203
 95.000000 7841.970734
100.000000 6677.652839
105.000000 5601.321764
110.000000 5448.901370
115.000000 5189.074067
120.000000 4760.973202
125.000000 3598.706139
130.000000 3243.731752
135.000000 3120.042360
140.000000 3218.418525
145.000000 1258.551112

# ROI 8; cumulated distance [mm]: 84.85201791478625; pos: (147.80057916328428, 101.95110726210298, 96.72968329641094)
  0.000000  19.972423
  5.000000 142.054591
 10.000000 249.361727
 15.000000 237.308745
 20.000000 429.265081
 25.000000 2608.326088
 30.000000 8654.745268
 35.000000 16893.606447
 40.000000 23881.527895
 45.000000 27099.151223
 50.000000 27264.624608
 55.000000 25559.562275
 60.000000 22345.073365
 65.000000 19301.866409
 70.000000 16246.044304
 75.000000 14207.541547
 80.000000 12104.920408
 85.000000 10251.324915
 90.000000 9296.308864
 95.000000 8629.454761
100.000000 8977.884316
105.000000 9969.150228
110.000000 11558.687147
115.000000 10944.408250
120.000000 12229.583504
125.000000 12607.182610
130.000000 13387.681356
135.000000 14003.755072
140.000000 11283.682449
145.000000 11126.129798

# ROI 9; cumulated distance [mm]: 96.97247124165088; pos: (148.55891318845465, 105.4162148066302, 108.31947829286509)
  0.000000   8.817148
  5.000000  82.276708
 10.000000 196.104667
 15.000000 197.138165
 20.000000 285.682817
 25.000000 1692.230041
 30.000000 6707.939430
 35.000000 15104.169815
 40.000000 23495.548240
 45.000000 28407.801740
 50.000000 29332.360430
 55.000000 27943.914725
 60.000000 24923.466105
 65.000000 21621.928390
 70.000000 18504.378046
 75.000000 15372.456668
 80.000000 13087.272341
 85.000000 10447.312321
 90.000000 9532.753421
 95.000000 8268.076762
100.000000 7083.550239
105.000000 6978.717071
110.000000 7596.944870
115.000000 8275.045309
120.000000 9989.086853
125.000000 11381.846104
130.000000 11333.591613
135.000000 12091.034850
140.000000 13900.563242
145.000000 13089.278054

# ROI 10; cumulated distance [mm]: 106.67189699267672; pos: (145.03643513162766, 98.65308714147771, 114.31373491263744)
  0.000000   7.311976
  5.000000  65.028784
 10.000000 185.383293
 15.000000 211.965896
 20.000000 256.593972
 25.000000 988.314024
 30.000000 4325.213934
 35.000000 11739.841028
 40.000000 20572.881863
 45.000000 27209.397562
 50.000000 29815.661504
 55.000000 29509.813568
 60.000000 27579.435152
 65.000000 24635.716019
 70.000000 21474.660809
 75.000000 17743.006514
 80.000000 14930.908514
 85.000000 13308.779477
 90.000000 11269.509690
 95.000000 9790.953977
100.000000 8436.464845
105.000000 7058.322772
110.000000 6822.093223
115.000000 6694.076051
120.000000 6204.114596
125.000000 6710.498232
130.000000 7807.369949
135.000000 8562.629074
140.000000 8801.204059
145.000000 10683.583180

# ROI 11; cumulated distance [mm]: 118.55578197721553; pos: (140.26501892090351, 91.74133936252366, 122.7213536189008)
  0.000000   5.293689
  5.000000  39.219860
 10.000000 153.501007
 15.000000 207.334346
 20.000000 191.771507
 25.000000 394.323232
 30.000000 2055.378554
 35.000000 7059.481891
 40.000000 14558.568093
 45.000000 21245.551970
 50.000000 25404.563502
 55.000000 26881.593456
 60.000000 25802.587517
 65.000000 23648.346682
 70.000000 20386.308725
 75.000000 17279.112214
 80.000000 15024.925834
 85.000000 12996.895512
 90.000000 11119.566672
 95.000000 8863.181364
100.000000 8281.172716
105.000000 8025.957659
110.000000 6045.818141
115.000000 6276.739078
120.000000 5084.009294
125.000000 5246.461082
130.000000 4284.143682
135.000000 5398.937936
140.000000 5285.422724
145.000000 5722.406470

# ROI 12; cumulated distance [mm]: 130.54236580614878; pos: (135.2132565545033, 89.87353933630062, 133.42972473422492)
  0.000000   3.187518
  5.000000  37.525836
 10.000000 144.858111
 15.000000 188.672338
 20.000000 232.054332
 25.000000 282.839409
 30.000000 1059.040980
 35.000000 4271.813434
 40.000000 11051.833903
 45.000000 19380.913424
 50.000000 25471.532880
 55.000000 27892.407891
 60.000000 28168.969451
 65.000000 25939.016186
 70.000000 22593.687999
 75.000000 20057.500051
 80.000000 16675.397568
 85.000000 14013.094019
 90.000000 11926.827271
 95.000000 10339.873327
100.000000 8976.042436
105.000000 8145.274840
110.000000 7225.701785
115.000000 6167.304939
120.000000 5714.754103
125.000000 5218.782552
130.000000 4311.131936
135.000000 3818.709741
140.000000 2749.774387
145.000000 3705.048906

# ROI 13; cumulated distance [mm]: 142.64215391942056; pos: (131.47894343012857, 83.99831132411711, 143.32626320381368)
  0.000000   2.546715
  5.000000  21.065181
 10.000000  84.712035
 15.000000 136.971350
 20.000000 149.448258
 25.000000 162.732354
 30.000000 427.593861
 35.000000 2100.157039
 40.000000 6706.048169
 45.000000 14022.324775
 50.000000 21420.525145
 55.000000 26124.723261
 60.000000 27948.259604
 65.000000 27678.919665
 70.000000 24851.753063
 75.000000 21853.683595
 80.000000 18582.635704
 85.000000 16382.605467
 90.000000 14547.920222
 95.000000 12708.338322
100.000000 10459.061830
105.000000 9112.386317
110.000000 8173.233464
115.000000 7879.313827
120.000000 7483.726625
125.000000 5920.085282
130.000000 5108.070664
135.000000 4194.625588
140.000000 4315.767883
145.000000 3758.163916

# ROI 14; cumulated distance [mm]: 154.9429455584124; pos: (128.76008718331562, 81.82341035208762, 155.12402152550015)
  0.000000   2.232711
  5.000000  12.169394
 10.000000  44.384268
 15.000000  97.472628
 20.000000 125.845178
 25.000000 128.499349
 30.000000 171.857947
 35.000000 754.270253
 40.000000 3200.359004
 45.000000 8698.133400
 50.000000 15771.014370
 55.000000 22900.349776
 60.000000 26782.975820
 65.000000 27919.941343
 70.000000 27804.344147
 75.000000 25214.024549
 80.000000 22682.685461
 85.000000 19447.621577
 90.000000 16882.814098
 95.000000 14153.576481
100.000000 12741.855844
105.000000 10379.181487
110.000000 9104.373478
115.000000 7949.266631
120.000000 7851.382933
125.000000 6659.990338
130.000000 5761.507532
135.000000 4256.245907
140.000000 5169.958702
145.000000 3979.338231

# ROI 15; cumulated distance [mm]: 166.97113629995647; pos: (123.69084375154273, 79.00072164665899, 165.66027190296555)
  0.000000   1.516688
  5.000000   3.485296
 10.000000  30.689534
 15.000000  79.102758
 20.000000  87.024809
 25.000000  75.547823
 30.000000 116.988653
 35.000000 240.009224
 40.000000 1119.408029
 45.000000 3962.128045
 50.000000 9117.263329
 55.000000 15833.391390
 60.000000 21959.198899
 65.000000 25797.574070
 70.000000 27572.661987
 75.000000 26324.387583
 80.000000 25456.746315
 85.000000 22575.813727
 90.000000 19696.610105
 95.000000 17927.164815
100.000000 14674.473139
105.000000 13757.250233
110.000000 11995.830575
115.000000 9980.636982
120.000000 10267.296688
125.000000 8837.094036
130.000000 9001.747706
135.000000 5753.221762
140.000000 6585.747569
145.000000 4853.367212

# ROI 16; cumulated distance [mm]: 179.09711439521573; pos: (117.53142553447114, 77.59602748306051, 176.01052534433916)
  0.000000   0.571357
  5.000000   6.040185
 10.000000  24.641258
 15.000000  40.421287
 20.000000  67.801301
 25.000000  56.455922
 30.000000  78.609209
 35.000000  76.886652
 40.000000 312.579132
 45.000000 1426.132710
 50.000000 4574.308908
 55.000000 9789.923104
 60.000000 16326.512912
 65.000000 21010.410073
 70.000000 23705.150301
 75.000000 25113.669418
 80.000000 25089.842247
 85.000000 23361.991442
 90.000000 21044.937809
 95.000000 20350.583715
100.000000 17283.728346
105.000000 15609.826266
110.000000 14655.579000
115.000000 14535.477781
120.000000 13965.774161
125.000000 14726.899279
130.000000 15443.226774
135.000000 16835.943598
140.000000 17031.760469
145.000000 18058.269684

# ROI 17; cumulated distance [mm]: 191.26268243749706; pos: (113.63416562015772, 77.81201897249922, 187.53292781206056)
  0.000000   1.455536
  5.000000   3.551170
 10.000000   9.682128
 15.000000  43.371296
 20.000000  72.594903
 25.000000  74.728962
 30.000000  66.778479
 35.000000  80.265435
 40.000000 128.189849
 45.000000 371.594591
 50.000000 1730.165621
 55.000000 4941.766693
 60.000000 10474.433945
 65.000000 17184.387497
 70.000000 23632.309586
 75.000000 27642.091055
 80.000000 28633.773521
 85.000000 30988.703447
 90.000000 29196.605010
 95.000000 30136.892421
100.000000 30957.708433
105.000000 29393.049856
110.000000 26297.366030
115.000000 27591.752392
120.000000 25255.299026
125.000000 23543.595650
130.000000 22656.950061
135.000000 24721.008246
140.000000 21816.856803
145.000000 22498.041721

# ROI 18; cumulated distance [mm]: 203.55155367746443; pos: (109.841, 78.0135, 199.22)
  0.000000   2.331346
  5.000000   1.641668
 10.000000   2.770118
 15.000000  21.541738
 20.000000  38.898168
 25.000000  50.447374
 30.000000  10.293550
 35.000000  58.004287
 40.000000 131.136623
 45.000000  65.898302
 50.000000 296.753536
 55.000000 1467.115499
 60.000000 4141.512967
 65.000000 8183.934811
 70.000000 13230.743223
 75.000000 18994.698815
 80.000000 23670.607534
 85.000000 27267.750441
 90.000000 27789.281153
 95.000000 27131.942968
100.000000 29235.115622
105.000000 29991.137954
110.000000 26751.171533
115.000000 24846.411179
120.000000 24590.638112
125.000000 24788.045688
130.000000 18073.223051
135.000000 21094.150205
140.000000 19521.127714
145.000000 18368.551044

