Inputfile;C:/Users/h.lanzrath/Documents/Run01_FLOSTPoplar02B01M06_Ring999_12600s/frames\images_frame_00_0s-300s--iteration-014.img
Number of virtual detectors;15
Detector radius [px];15.0
Detector height [px];7.0
Voxel size X [mm]);0.8999999999999987;Voxel size Y [mm]);0.8999999999999987;Voxel size Z [mm]);1.0000000000000009

# Roi 0; cumulated distance [mm]: 0.0; pos: (81.37332492, 114.295951, 182.40124512)
  0.000000 192.062141
  5.000000 284.265733
 10.000000 271.282023
 15.000000 262.640575
 20.000000 1029.536886
 25.000000 19197.406822
 30.000000 68255.918418
 35.000000 130931.114481
 40.000000 179665.797315
 45.000000 211228.626165
 50.000000 229968.680201
 55.000000 243114.808191
 60.000000 251611.876859
 65.000000 257698.713635
 70.000000 263746.764181
 75.000000 269981.880781
 80.000000 277125.217049
 85.000000 280906.324687
 90.000000 279796.333644
 95.000000 285123.503618
100.000000 287598.851491
105.000000 291946.074856
110.000000 292752.170270
115.000000 297264.855806
120.000000 301842.988342
125.000000 296345.692791
130.000000 304257.522995
135.000000 304175.124142
140.000000 311307.822124
145.000000 314585.319011
150.000000 311854.317859
155.000000 311715.098363
160.000000 318036.733237
165.000000 324231.899200
170.000000 338398.493717
175.000000 324599.758187
180.000000 338509.492099
185.000000 333558.992442
190.000000 347266.964745
195.000000 357452.308313
200.000000 363112.104259
205.000000 347889.753497

#  Roi 1; cumulated distance [mm]: 11.265; pos: [ 76.01277627 118.56888435 173.46279074]; Volume Error [%] <= 1.42163401; in Frame : True
  0.000000 179.281212
  5.000000 274.888559
 10.000000 250.769903
 15.000000 250.687113
 20.000000 737.093144
 25.000000 16129.916245
 30.000000 67958.709247
 35.000000 144987.824123
 40.000000 210421.597411
 45.000000 252756.345279
 50.000000 278488.802360
 55.000000 292699.787745
 60.000000 299239.727246
 65.000000 305579.112637
 70.000000 309073.573289
 75.000000 311499.111744
 80.000000 318368.947641
 85.000000 320379.220481
 90.000000 320837.686592
 95.000000 320445.018815
100.000000 324523.098528
105.000000 326137.924092
110.000000 325670.675243
115.000000 327224.599777
120.000000 327039.594095
125.000000 332705.158833
130.000000 332095.314816
135.000000 326182.698408
140.000000 330689.376685
145.000000 337115.499167
150.000000 340649.532757
155.000000 344105.153413
160.000000 336543.223691
165.000000 335673.919651
170.000000 337862.416382
175.000000 345133.699295
180.000000 366297.963446
185.000000 349917.628944
190.000000 349065.647568
195.000000 360155.034474
200.000000 357365.201873
205.000000 374549.424349

#  Roi 2; cumulated distance [mm]: 22.512; pos: [ 73.63112939 120.75961582 162.69153561]; Volume Error [%] <= 1.42163401; in Frame : True
  0.000000 172.301201
  5.000000 245.233808
 10.000000 230.446810
 15.000000 205.098878
 20.000000 490.689975
 25.000000 16282.591740
 30.000000 88466.692785
 35.000000 235161.900591
 40.000000 391499.431661
 45.000000 510747.748257
 50.000000 586578.097545
 55.000000 629487.005934
 60.000000 654890.074847
 65.000000 670006.946403
 70.000000 673411.824412
 75.000000 672401.262808
 80.000000 675494.876254
 85.000000 673174.748494
 90.000000 665973.385390
 95.000000 656523.586880
100.000000 650228.589619
105.000000 641566.100564
110.000000 637940.978409
115.000000 628213.528053
120.000000 619235.036109
125.000000 611659.016637
130.000000 602882.920523
135.000000 603268.145255
140.000000 593202.040332
145.000000 584406.239608
150.000000 584473.477198
155.000000 581127.252090
160.000000 562351.367740
165.000000 568018.553676
170.000000 568955.917408
175.000000 572316.333520
180.000000 565202.525373
185.000000 561927.772737
190.000000 559804.197523
195.000000 550692.871539
200.000000 555891.921613
205.000000 572941.484323

#  Roi 3; cumulated distance [mm]: 33.802; pos: [ 74.03880931 120.94774962 151.41049409]; Volume Error [%] <= 1.42163401; in Frame : True
  0.000000 142.569065
  5.000000 224.666764
 10.000000 183.687425
 15.000000 191.769538
 20.000000 233.222833
 25.000000 3615.790593
 30.000000 28002.308283
 35.000000 96385.862833
 40.000000 196993.937980
 45.000000 293055.283064
 50.000000 367267.510356
 55.000000 418496.127351
 60.000000 453175.443519
 65.000000 470093.427968
 70.000000 484014.530669
 75.000000 487034.302071
 80.000000 489625.139837
 85.000000 493200.365793
 90.000000 488376.557692
 95.000000 480766.993942
100.000000 478193.911176
105.000000 468432.585311
110.000000 463386.958787
115.000000 457109.657679
120.000000 443602.931202
125.000000 444009.294641
130.000000 432621.198241
135.000000 423159.988258
140.000000 416398.471444
145.000000 409686.435403
150.000000 414005.855770
155.000000 397199.909571
160.000000 389960.745040
165.000000 390291.037675
170.000000 381852.374482
175.000000 386993.953380
180.000000 372013.034601
185.000000 379436.583014
190.000000 371273.628708
195.000000 372796.406988
200.000000 375022.299631
205.000000 362424.761127

#  Roi 4; cumulated distance [mm]: 45.115; pos: [ 75.68895243 120.22780023 140.2420806 ]; Volume Error [%] <= 1.42163401; in Frame : True
  0.000000 134.417903
  5.000000 204.481048
 10.000000 177.744051
 15.000000 173.217923
 20.000000 190.141398
 25.000000 1372.489232
 30.000000 15174.040181
 35.000000 60262.955151
 40.000000 138259.805535
 45.000000 220168.246110
 50.000000 289712.252134
 55.000000 338130.235458
 60.000000 371202.212462
 65.000000 392510.497758
 70.000000 404455.883352
 75.000000 410976.477877
 80.000000 412525.978850
 85.000000 412735.515100
 90.000000 410305.909154
 95.000000 403997.988591
100.000000 399629.799547
105.000000 392645.313269
110.000000 386453.122891
115.000000 384360.019855
120.000000 377258.720710
125.000000 366082.807629
130.000000 363815.138686
135.000000 358365.478209
140.000000 351187.673919
145.000000 343123.320883
150.000000 340506.030945
155.000000 332583.506958
160.000000 325925.820564
165.000000 327614.460640
170.000000 330985.913120
175.000000 327932.043986
180.000000 314863.339887
185.000000 324763.324439
190.000000 317145.869069
195.000000 308190.759911
200.000000 314069.695313
205.000000 308680.354745

#  Roi 5; cumulated distance [mm]: 56.427; pos: [ 77.24582837 119.57371515 129.05706462]; Volume Error [%] <= 1.42163401; in Frame : True
  0.000000 117.392815
  5.000000 180.966077
 10.000000 164.876307
 15.000000 159.863658
 20.000000 178.722052
 25.000000 429.700690
 30.000000 8737.473082
 35.000000 41108.479198
 40.000000 107130.147386
 45.000000 184952.364081
 50.000000 250038.646632
 55.000000 295700.752048
 60.000000 324538.014160
 65.000000 342665.617848
 70.000000 354565.934981
 75.000000 360497.546226
 80.000000 361010.526592
 85.000000 361187.891351
 90.000000 359079.836634
 95.000000 355103.555812
100.000000 349365.762695
105.000000 344744.664259
110.000000 338326.725101
115.000000 335879.013814
120.000000 326181.805096
125.000000 322252.288199
130.000000 317145.369547
135.000000 309680.463207
140.000000 303888.367204
145.000000 302035.648020
150.000000 293306.436633
155.000000 292022.643283
160.000000 290108.505811
165.000000 285569.079244
170.000000 281599.760213
175.000000 277549.900413
180.000000 272772.424395
185.000000 273384.018421
190.000000 280855.272152
195.000000 270082.890212
200.000000 283172.312547
205.000000 279240.923063

#  Roi 6; cumulated distance [mm]: 67.739; pos: [ 78.10180892 119.43817429 117.77817608]; Volume Error [%] <= 1.42163401; in Frame : True
  0.000000 110.373846
  5.000000 168.261147
 10.000000 166.479271
 15.000000 148.311726
 20.000000 163.395910
 25.000000 221.645342
 30.000000 3406.763371
 35.000000 19977.289403
 40.000000 64255.286899
 45.000000 130435.852952
 50.000000 194155.093619
 55.000000 243900.563217
 60.000000 278502.386915
 65.000000 300976.819113
 70.000000 314355.601938
 75.000000 321417.627157
 80.000000 323690.005771
 85.000000 324475.929609
 90.000000 324070.503026
 95.000000 323129.752019
100.000000 318061.341761
105.000000 313974.704618
110.000000 311562.085055
115.000000 306471.406129
120.000000 300777.841673
125.000000 295787.095323
130.000000 288592.174442
135.000000 285021.851424
140.000000 282563.708540
145.000000 278181.439063
150.000000 273909.299068
155.000000 267893.144378
160.000000 267615.267016
165.000000 264217.283527
170.000000 258736.548380
175.000000 258321.475547
180.000000 258675.324140
185.000000 250562.424334
190.000000 262830.064980
195.000000 262933.616451
200.000000 249588.657485
205.000000 250425.213996

#  Roi 7; cumulated distance [mm]: 79.053; pos: [ 78.57809882 119.61475925 106.47567115]; Volume Error [%] <= 1.42163401; in Frame : True
  0.000000 104.761375
  5.000000 162.816767
 10.000000 150.292059
 15.000000 128.648365
 20.000000 155.668496
 25.000000 204.313793
 30.000000 2182.134773
 35.000000 17222.598657
 40.000000 68079.867387
 45.000000 167815.436268
 50.000000 291574.326659
 55.000000 411905.871683
 60.000000 516725.769146
 65.000000 595559.809744
 70.000000 656691.085072
 75.000000 705788.894086
 80.000000 741261.734004
 85.000000 766097.956309
 90.000000 787541.133827
 95.000000 800334.831884
100.000000 807960.000796
105.000000 811555.924483
110.000000 817589.897765
115.000000 819594.880061
120.000000 824133.500205
125.000000 817642.071598
130.000000 819388.092116
135.000000 817724.930533
140.000000 819211.107374
145.000000 826225.010604
150.000000 816567.829178
155.000000 810382.576092
160.000000 806706.813107
165.000000 806811.626243
170.000000 807394.236160
175.000000 810951.404957
180.000000 826275.772012
185.000000 804545.545586
190.000000 805446.928360
195.000000 798297.701753
200.000000 812475.485411
205.000000 801056.151922

#  Roi 8; cumulated distance [mm]: 90.36699999999999; pos: [ 79.08418846 119.83026133  95.17505341]; Volume Error [%] <= 1.42163401; in Frame : True
  0.000000  99.291272
  5.000000 148.644611
 10.000000 135.983405
 15.000000 131.779392
 20.000000 147.276796
 25.000000 161.831564
 30.000000 527.900643
 35.000000 6090.080283
 40.000000 29498.738925
 45.000000 84593.850151
 50.000000 160388.375044
 55.000000 238149.138861
 60.000000 304543.657367
 65.000000 352636.845681
 70.000000 386035.716531
 75.000000 406995.357032
 80.000000 421524.030272
 85.000000 428935.701002
 90.000000 434421.376840
 95.000000 433948.214589
100.000000 435442.988412
105.000000 431312.466052
110.000000 430546.480606
115.000000 421848.084999
120.000000 419987.913438
125.000000 413648.318115
130.000000 408927.984835
135.000000 402800.998212
140.000000 399554.301327
145.000000 393780.824578
150.000000 394931.980808
155.000000 385727.848025
160.000000 379424.334166
165.000000 386350.179507
170.000000 369637.447964
175.000000 374493.363829
180.000000 370151.695774
185.000000 369931.586580
190.000000 366739.269226
195.000000 378507.588018
200.000000 366136.775049
205.000000 368708.571176

#  Roi 9; cumulated distance [mm]: 101.68099999999998; pos: [ 79.75054052 119.80064015  83.88114812]; Volume Error [%] <= 1.42163401; in Frame : True
  0.000000 100.228468
  5.000000 147.755600
 10.000000 136.552161
 15.000000 125.738146
 20.000000 147.382821
 25.000000 174.081164
 30.000000 261.249882
 35.000000 1841.928362
 40.000000 11151.664913
 45.000000 38947.598103
 50.000000 86966.554025
 55.000000 142296.561389
 60.000000 195787.130730
 65.000000 237809.304092
 70.000000 268689.757824
 75.000000 289035.250922
 80.000000 303826.489349
 85.000000 313579.521223
 90.000000 317177.381460
 95.000000 318217.242493
100.000000 318830.158469
105.000000 316190.156781
110.000000 311083.922928
115.000000 312034.983648
120.000000 307599.992877
125.000000 306083.170372
130.000000 301072.324339
135.000000 295867.445009
140.000000 292255.736277
145.000000 290840.264055
150.000000 284970.735821
155.000000 280498.658832
160.000000 282352.911597
165.000000 274482.266093
170.000000 272352.555977
175.000000 272249.991841
180.000000 275135.791990
185.000000 274512.357094
190.000000 277473.791927
195.000000 276402.528597
200.000000 273817.549700
205.000000 277610.584528

#  Roi 10; cumulated distance [mm]: 112.99499999999998; pos: [ 80.47178232 119.34502011  72.59978443]; Volume Error [%] <= 1.42163401; in Frame : True
  0.000000  94.061946
  5.000000 150.685427
 10.000000 120.640556
 15.000000 140.716415
 20.000000 137.261759
 25.000000 171.503383
 30.000000 221.182819
 35.000000 664.059753
 40.000000 5473.823778
 45.000000 23961.538177
 50.000000 63489.852610
 55.000000 115883.535743
 60.000000 168347.575231
 65.000000 215616.038217
 70.000000 249977.830682
 75.000000 275069.294678
 80.000000 291110.381574
 85.000000 302059.446423
 90.000000 306630.417389
 95.000000 312788.683249
100.000000 312491.047327
105.000000 309353.405197
110.000000 308395.274506
115.000000 302957.594451
120.000000 299453.398730
125.000000 296948.310715
130.000000 294455.168375
135.000000 286419.061306
140.000000 284387.014280
145.000000 275734.661390
150.000000 274131.531495
155.000000 273606.653783
160.000000 274070.750759
165.000000 270509.580985
170.000000 259110.216841
175.000000 262392.734098
180.000000 264379.122630
185.000000 259407.914434
190.000000 266083.703099
195.000000 273139.432451
200.000000 250459.660240
205.000000 259861.089337

#  Roi 11; cumulated distance [mm]: 124.30899999999997; pos: [ 81.13040615 118.7037364   61.32308064]; Volume Error [%] <= 1.42163401; in Frame : True
  0.000000  85.051519
  5.000000 140.930091
 10.000000 118.544421
 15.000000 130.998406
 20.000000 147.920408
 25.000000 151.185721
 30.000000 170.705596
 35.000000 299.172237
 40.000000 1999.605717
 45.000000 10899.081248
 50.000000 36678.171698
 55.000000 77834.183354
 60.000000 126591.687025
 65.000000 174524.241830
 70.000000 211881.243643
 75.000000 243392.899340
 80.000000 264895.884726
 85.000000 279840.259954
 90.000000 289494.021115
 95.000000 295623.721240
100.000000 296637.370121
105.000000 298640.208791
110.000000 297365.474066
115.000000 296654.490231
120.000000 291779.436847
125.000000 291465.189772
130.000000 290034.310471
135.000000 284303.331668
140.000000 277089.500426
145.000000 275393.235850
150.000000 274474.129869
155.000000 265834.554239
160.000000 262430.086899
165.000000 259972.609283
170.000000 268605.486789
175.000000 257768.875891
180.000000 263115.162245
185.000000 259729.907490
190.000000 252938.411443
195.000000 258036.752894
200.000000 253351.771850
205.000000 282608.833203

#  Roi 12; cumulated distance [mm]: 135.62199999999996; pos: [ 81.62428854 118.25295524  50.02937993]; Volume Error [%] <= 1.42163401; in Frame : True
  0.000000  84.231640
  5.000000 116.682083
 10.000000 117.174283
 15.000000 130.886006
 20.000000 115.101565
 25.000000 153.513531
 30.000000 188.795024
 35.000000 197.070998
 40.000000 872.260284
 45.000000 4899.234933
 50.000000 20645.488836
 55.000000 51615.188716
 60.000000 92986.424764
 65.000000 136929.126873
 70.000000 176600.304520
 75.000000 208298.243235
 80.000000 231639.990549
 85.000000 249154.240346
 90.000000 260479.423585
 95.000000 267605.169169
100.000000 272245.849684
105.000000 276281.981174
110.000000 273477.417845
115.000000 272402.605326
120.000000 270397.928930
125.000000 265544.561767
130.000000 261558.761279
135.000000 258063.900227
140.000000 256061.690571
145.000000 253944.976906
150.000000 253838.208011
155.000000 246884.749200
160.000000 242832.584704
165.000000 243798.922880
170.000000 245689.485055
175.000000 238435.932768
180.000000 242780.325696
185.000000 253142.136938
190.000000 241307.425570
195.000000 232989.576428
200.000000 231882.801995
205.000000 240895.569949

#  Roi 13; cumulated distance [mm]: 146.93299999999996; pos: [ 81.82689125 118.37888037  38.72072348]; Volume Error [%] <= 1.42163401; in Frame : True
  0.000000  93.219487
  5.000000 125.769471
 10.000000 112.311701
 15.000000 122.397572
 20.000000 132.253925
 25.000000 164.546284
 30.000000 168.549583
 35.000000 223.094400
 40.000000 401.663960
 45.000000 2454.946105
 50.000000 11884.954699
 55.000000 34840.367828
 60.000000 69446.215815
 65.000000 109736.367268
 70.000000 147780.881573
 75.000000 181439.414948
 80.000000 205117.586358
 85.000000 224779.174616
 90.000000 239153.837343
 95.000000 243774.157272
100.000000 250417.898598
105.000000 253028.557693
110.000000 253210.341234
115.000000 254376.222381
120.000000 247936.138838
125.000000 249919.930155
130.000000 245812.752948
135.000000 247097.116809
140.000000 239338.200941
145.000000 239824.719932
150.000000 231541.976809
155.000000 231185.308096
160.000000 234157.080773
165.000000 227132.785613
170.000000 221018.428451
175.000000 234676.290139
180.000000 226226.041108
185.000000 226238.312435
190.000000 231581.286562
195.000000 231995.931427
200.000000 238073.041194
205.000000 225736.728484

#  Roi 14; cumulated distance [mm]: 158.23599999999996; pos: [ 81.52025011 119.67458089  27.49662781]; Volume Error [%] <= 1.42163401; in Frame : True
  0.000000  91.472584
  5.000000 100.966229
 10.000000 118.694441
 15.000000 152.239793
 20.000000 132.778237
 25.000000 174.317716
 30.000000 199.972986
 35.000000 199.374707
 40.000000 276.242300
 45.000000 1109.933140
 50.000000 6330.821056
 55.000000 21520.737322
 60.000000 49234.210626
 65.000000 84724.770868
 70.000000 121679.716611
 75.000000 154566.044214
 80.000000 181947.714306
 85.000000 201915.230014
 90.000000 214384.768345
 95.000000 223946.114259
100.000000 228029.513563
105.000000 234982.864261
110.000000 235622.129864
115.000000 232878.435137
120.000000 233198.912121
125.000000 234275.283896
130.000000 226476.887979
135.000000 231470.984727
140.000000 227349.164244
145.000000 224807.053630
150.000000 223514.338464
155.000000 209952.862864
160.000000 211908.037010
165.000000 210955.719923
170.000000 207050.653792
175.000000 222134.975377
180.000000 210705.864409
185.000000 206668.414722
190.000000 215532.454400
195.000000 211116.551663
200.000000 219947.313035
205.000000 219518.720664

