Inputfile;D:/Rawdata/phenoPET/2022-10-13_FloSt_Bohne_6/Run03_FloSTBean06Pfl479Mssg11_9000s\images_frame_00_0s-300s--iteration-014.img
Number of virtual detectors;15
Detector radius [px];8.0
Detector height [px];8.0
Voxel size X [mm]);0.8999999999999987;Voxel size Y [mm]);0.8999999999999987;Voxel size Z [mm]);1.0000000000000009

# ROI 1; cumulated distance [mm]: 0; pos: (86.2954, 46.5472, 44.9782)
  0.000000 5288.894597
  5.000000 11454.672056
 10.000000 20777.540163
 15.000000 85582.620299
 20.000000 173053.824640
 25.000000 233134.633740
 30.000000 262944.342873
 35.000000 276974.285932
 40.000000 278071.182440
 45.000000 269051.429359
 50.000000 252991.749621
 55.000000 231370.666071
 60.000000 212331.740659
 65.000000 192221.625434
 70.000000 174401.897382
 75.000000 158022.700789
 80.000000 143481.162917
 85.000000 132107.027645
 90.000000 122392.479768
 95.000000 113401.458641
100.000000 107287.564735
105.000000 100009.974352
110.000000 96279.495453
115.000000 89964.626785
120.000000 86793.890305
125.000000 83966.531217
130.000000 80743.316673
135.000000 79071.773203
140.000000 75336.307668
145.000000 76551.622740

# ROI 2; cumulated distance [mm]: 11.114109284555322; pos: (92.18455504632057, 46.78276440021305, 54.400821049516324)
  0.000000 4103.670103
  5.000000 9009.613227
 10.000000 13116.219785
 15.000000 52816.538385
 20.000000 118002.663067
 25.000000 173144.483236
 30.000000 206322.777736
 35.000000 220861.790076
 40.000000 220125.256259
 45.000000 209243.396380
 50.000000 193098.456700
 55.000000 174443.987978
 60.000000 156437.668357
 65.000000 139230.083869
 70.000000 124924.644918
 75.000000 111054.230446
 80.000000 101740.432968
 85.000000 93511.822452
 90.000000 85187.178746
 95.000000 80252.920037
100.000000 74290.806194
105.000000 69247.301308
110.000000 64583.503160
115.000000 60662.316892
120.000000 58279.772067
125.000000 57006.429335
130.000000 56563.280775
135.000000 54747.372862
140.000000 52303.958283
145.000000 51528.357458

# ROI 3; cumulated distance [mm]: 22.228218569110645; pos: (98.07371009264114, 47.0183288004261, 63.82344209903265)
  0.000000 3100.314355
  5.000000 6449.614263
 10.000000 8887.123018
 15.000000 43303.849671
 20.000000 118810.044627
 25.000000 191593.202532
 30.000000 235348.709639
 35.000000 252365.582119
 40.000000 249001.121548
 45.000000 234010.658045
 50.000000 213343.677534
 55.000000 190044.876729
 60.000000 169805.268291
 65.000000 152003.540346
 70.000000 135520.918300
 75.000000 122483.042439
 80.000000 108916.101733
 85.000000 98854.394975
 90.000000 90403.718948
 95.000000 84430.430079
100.000000 77504.809650
105.000000 70961.989541
110.000000 68692.562096
115.000000 62606.406413
120.000000 61455.579915
125.000000 58284.087836
130.000000 58998.166341
135.000000 52293.655352
140.000000 50639.962357
145.000000 52478.345741

# ROI 4; cumulated distance [mm]: 33.366358942495; pos: (103.29509553162126, 48.48747150908885, 73.5515932479614)
  0.000000 2106.481183
  5.000000 4431.412158
 10.000000 5451.977934
 15.000000 30341.006042
 20.000000 101001.576812
 25.000000 178864.281075
 30.000000 226837.740403
 35.000000 243112.476296
 40.000000 236991.623952
 45.000000 218928.022241
 50.000000 196925.122400
 55.000000 174299.226170
 60.000000 152858.300303
 65.000000 134832.180440
 70.000000 119987.796577
 75.000000 106972.901359
 80.000000 96876.063533
 85.000000 87011.244088
 90.000000 79283.365018
 95.000000 73582.349028
100.000000 66374.622071
105.000000 61778.752076
110.000000 58979.046167
115.000000 55401.714120
120.000000 52263.802778
125.000000 51248.912047
130.000000 49834.554007
135.000000 48537.383338
140.000000 47230.678182
145.000000 47118.984309

# ROI 5; cumulated distance [mm]: 44.54470809420222; pos: (108.3279165030478, 50.304951480127045, 83.36601984261877)
  0.000000 1456.812327
  5.000000 2983.131870
 10.000000 3325.573322
 15.000000 20791.190691
 20.000000 81967.208171
 25.000000 157536.065669
 30.000000 208033.816469
 35.000000 228545.831071
 40.000000 227389.793321
 45.000000 213561.583797
 50.000000 193355.268950
 55.000000 172063.631827
 60.000000 152684.241435
 65.000000 136032.594467
 70.000000 121909.377584
 75.000000 108630.506924
 80.000000 97200.639834
 85.000000 86771.003756
 90.000000 78458.156771
 95.000000 72801.120947
100.000000 65361.084956
105.000000 62432.088057
110.000000 56301.296918
115.000000 54546.343531
120.000000 51382.917733
125.000000 48583.568472
130.000000 47016.464968
135.000000 43882.592804
140.000000 44897.926855
145.000000 45405.688024

# ROI 6; cumulated distance [mm]: 55.72305724590945; pos: (113.36073747447433, 52.12243145116525, 93.18044643727615)
  0.000000 898.652158
  5.000000 1834.756421
 10.000000 1914.853519
 15.000000 11365.897906
 20.000000 55506.803924
 25.000000 122839.290508
 30.000000 176188.864076
 35.000000 205183.208916
 40.000000 211717.374298
 45.000000 205168.723777
 50.000000 192440.439096
 55.000000 175496.162973
 60.000000 157781.643142
 65.000000 140703.013039
 70.000000 124680.063203
 75.000000 109778.174585
 80.000000 96807.162919
 85.000000 85778.397112
 90.000000 75609.480723
 95.000000 66718.567609
100.000000 61752.663909
105.000000 56417.646811
110.000000 52445.563597
115.000000 47891.005541
120.000000 45399.811654
125.000000 43024.434471
130.000000 41139.103779
135.000000 38967.143142
140.000000 38634.003071
145.000000 38711.749136

# ROI 7; cumulated distance [mm]: 66.94185660616259; pos: (116.57797864989342, 55.460752221191925, 103.39643551035236)
  0.000000 597.598775
  5.000000 1115.695532
 10.000000 1156.265260
 15.000000 6748.064458
 20.000000 40437.019644
 25.000000 104223.332540
 30.000000 163898.751531
 35.000000 198727.541750
 40.000000 210627.565723
 45.000000 205471.552811
 50.000000 192680.368109
 55.000000 175167.005859
 60.000000 156227.864868
 65.000000 135962.762095
 70.000000 119709.063384
 75.000000 104413.629681
 80.000000 90902.851291
 85.000000 80187.646076
 90.000000 71931.767548
 95.000000 64395.554866
100.000000 58239.340679
105.000000 52611.578881
110.000000 49029.782944
115.000000 45287.531411
120.000000 41983.108949
125.000000 40774.520161
130.000000 37532.318302
135.000000 38155.274546
140.000000 36092.331710
145.000000 33905.323086

# ROI 8; cumulated distance [mm]: 78.1958832139102; pos: (119.59838458878278, 58.96395423689629, 113.6559597921784)
  0.000000 368.151025
  5.000000 647.996246
 10.000000 682.355699
 15.000000 3278.025480
 20.000000 26869.258750
 25.000000 82761.383286
 30.000000 145182.854039
 35.000000 189386.793644
 40.000000 208961.940055
 45.000000 208864.093833
 50.000000 197542.647029
 55.000000 179226.739259
 60.000000 159701.053644
 65.000000 141070.239153
 70.000000 123906.957173
 75.000000 107914.119448
 80.000000 93467.644776
 85.000000 83073.915520
 90.000000 75261.471255
 95.000000 67442.877432
100.000000 60479.746943
105.000000 54648.661503
110.000000 50201.491311
115.000000 47640.296917
120.000000 44963.707774
125.000000 41595.603130
130.000000 41069.379484
135.000000 38303.082329
140.000000 37487.810669
145.000000 34088.451098

# ROI 9; cumulated distance [mm]: 89.46371313055974; pos: (121.49079131846985, 62.80740202065459, 124.07760538841227)
  0.000000 235.849133
  5.000000 390.634949
 10.000000 375.990096
 15.000000 1289.219591
 20.000000 16116.330002
 25.000000 60488.813203
 30.000000 119266.987869
 35.000000 167059.981165
 40.000000 194886.008884
 45.000000 202381.374655
 50.000000 196663.616244
 55.000000 183206.354814
 60.000000 165028.395953
 65.000000 147064.945454
 70.000000 129404.137113
 75.000000 114046.934544
 80.000000 99447.415911
 85.000000 86862.750422
 90.000000 77936.390015
 95.000000 68732.807901
100.000000 61865.957664
105.000000 56993.246708
110.000000 50291.684221
115.000000 49259.635027
120.000000 44847.521591
125.000000 43297.426378
130.000000 41121.581087
135.000000 38961.986358
140.000000 38071.922162
145.000000 34821.063169

# ROI 10; cumulated distance [mm]: 100.75260161274996; pos: (123.12216078151691, 66.72958817989584, 134.53676847972224)
  0.000000 147.527543
  5.000000 245.787088
 10.000000 240.724138
 15.000000 466.042787
 20.000000 8385.286030
 25.000000 41118.045346
 30.000000 94877.189012
 35.000000 144052.227199
 40.000000 175341.726569
 45.000000 191046.566460
 50.000000 190440.085493
 55.000000 182747.724853
 60.000000 168499.937089
 65.000000 152043.030547
 70.000000 135577.190306
 75.000000 119323.003956
 80.000000 106182.944402
 85.000000 92324.631157
 90.000000 82953.067793
 95.000000 71538.625885
100.000000 65603.457391
105.000000 57857.941080
110.000000 52040.817293
115.000000 47719.182696
120.000000 44345.866064
125.000000 40616.220775
130.000000 38734.066915
135.000000 37590.287355
140.000000 36746.087224
145.000000 35131.750302

# ROI 11; cumulated distance [mm]: 112.03190903288316; pos: (123.82394585956838, 70.8947579734532, 144.99533598072034)
  0.000000 125.210593
  5.000000 163.153570
 10.000000 189.637113
 15.000000 256.659580
 20.000000 3645.028179
 25.000000 24376.059652
 30.000000 70084.887978
 35.000000 121981.900304
 40.000000 159539.480523
 45.000000 180408.060410
 50.000000 186771.321272
 55.000000 182341.167013
 60.000000 169857.111970
 65.000000 156230.134866
 70.000000 141016.460770
 75.000000 125879.373491
 80.000000 111398.212514
 85.000000 98847.916076
 90.000000 88316.282801
 95.000000 78680.367269
100.000000 69677.953166
105.000000 63018.403356
110.000000 57553.095849
115.000000 52398.843858
120.000000 46628.768787
125.000000 44661.709147
130.000000 40466.137342
135.000000 37801.998941
140.000000 37558.279382
145.000000 36387.993489

# ROI 12; cumulated distance [mm]: 123.32066838580785; pos: (124.31038444222895, 75.11621708827272, 155.45376550792236)
  0.000000 121.200284
  5.000000 130.520263
 10.000000 131.476011
 15.000000 153.411132
 20.000000 1843.398844
 25.000000 14496.115777
 30.000000 50077.132292
 35.000000 101012.831923
 40.000000 144991.599661
 45.000000 172240.787974
 50.000000 183943.964005
 55.000000 184297.072473
 60.000000 175895.535861
 65.000000 161286.246567
 70.000000 146862.122065
 75.000000 132138.879858
 80.000000 116719.637294
 85.000000 103216.532911
 90.000000 90164.359405
 95.000000 82188.044498
100.000000 71830.898056
105.000000 63883.836271
110.000000 57163.884525
115.000000 52825.622662
120.000000 48045.094093
125.000000 45974.070798
130.000000 43285.043341
135.000000 38476.824315
140.000000 39391.287028
145.000000 36709.811056

# ROI 13; cumulated distance [mm]: 134.64279251778638; pos: (124.58089062212201, 78.83850024575905, 166.14310268859282)
  0.000000 109.779520
  5.000000 121.434150
 10.000000 128.489728
 15.000000 109.622206
 20.000000 608.338634
 25.000000 6603.135932
 30.000000 29697.721149
 35.000000 73487.677690
 40.000000 120974.378892
 45.000000 155669.419494
 50.000000 174319.835397
 55.000000 180134.133303
 60.000000 175284.409402
 65.000000 164660.686250
 70.000000 150542.110304
 75.000000 136564.786842
 80.000000 120978.491498
 85.000000 107117.760206
 90.000000 96396.919259
 95.000000 85139.981134
100.000000 75244.001696
105.000000 67962.613532
110.000000 61796.353466
115.000000 56143.278141
120.000000 51544.960501
125.000000 45666.674645
130.000000 43163.545297
135.000000 42585.151675
140.000000 39709.032533
145.000000 36800.007393

# ROI 14; cumulated distance [mm]: 145.99384116536015; pos: (124.74094531106101, 82.30545012287952, 176.95055134429643)
  0.000000 108.396055
  5.000000 115.282240
 10.000000 143.601844
 15.000000 147.530645
 20.000000 350.537814
 25.000000 3818.562628
 30.000000 18501.866970
 35.000000 50430.716675
 40.000000 95297.443818
 45.000000 135589.793432
 50.000000 163556.467366
 55.000000 176012.306783
 60.000000 179178.206486
 65.000000 172626.226281
 70.000000 161991.851832
 75.000000 146085.955573
 80.000000 132561.419411
 85.000000 118906.806544
 90.000000 105015.161222
 95.000000 92341.863217
100.000000 82363.883910
105.000000 73640.673696
110.000000 66430.848404
115.000000 59651.917488
120.000000 54354.147988
125.000000 51788.612490
130.000000 45674.953424
135.000000 44454.239317
140.000000 40809.112244
145.000000 40225.807784

# ROI 15; cumulated distance [mm]: 157.34488981293393; pos: (124.90099999999998, 85.7724, 187.758)
  0.000000 143.625408
  5.000000 128.018630
 10.000000 175.299485
 15.000000 142.652137
 20.000000 266.639863
 25.000000 2544.102676
 30.000000 12888.928939
 35.000000 37698.908890
 40.000000 74666.099154
 45.000000 114239.607958
 50.000000 145001.838150
 55.000000 166943.870885
 60.000000 175097.012327
 65.000000 174569.982951
 70.000000 169979.520642
 75.000000 158167.169219
 80.000000 144809.891328
 85.000000 130027.528728
 90.000000 116257.182832
 95.000000 104397.840993
100.000000 90573.523338
105.000000 83091.790998
110.000000 73304.648946
115.000000 69352.525591
120.000000 61851.969472
125.000000 56321.132676
130.000000 48360.854227
135.000000 47152.010770
140.000000 48791.057855
145.000000 45098.809835

