Inputfile;D:/Rawdata/phenoPET/2022-10-12_FloSt_Bohne_6/Run04_FloSTBean06Pfl479Mssg08_9000s\images_frame_00_0s-300s--iteration-014.img
Number of virtual detectors;15
Detector radius [px];8.0
Detector height [px];8.0
Voxel size X [mm]);0.8999999999999987;Voxel size Y [mm]);0.8999999999999987;Voxel size Z [mm]);1.0000000000000009

# ROI 1; cumulated distance [mm]: 0; pos: (86.29540252685547, 48.1161994934082, 46.02421188354492)
  0.000000 6561.530911
  5.000000 14795.965408
 10.000000 21232.426535
 15.000000 71165.866743
 20.000000 161157.344705
 25.000000 250686.770094
 30.000000 309139.559549
 35.000000 339370.791930
 40.000000 349255.656285
 45.000000 346187.390801
 50.000000 336241.145297
 55.000000 320660.371006
 60.000000 298739.764006
 65.000000 277604.619958
 70.000000 256825.966773
 75.000000 237351.127051
 80.000000 218255.455903
 85.000000 203989.214051
 90.000000 187957.363792
 95.000000 175035.366628
100.000000 165609.654551
105.000000 159472.604106
110.000000 151412.267454
115.000000 148169.959817
120.000000 139648.751070
125.000000 136818.307274
130.000000 132563.697694
135.000000 131534.332088
140.000000 125687.712667
145.000000 124851.781378

# ROI 2; cumulated distance [mm]: 11.052545964919117; pos: (92.4832475390221, 48.1257587055499, 55.18222777310952)
  0.000000 5399.916321
  5.000000 11554.761056
 10.000000 14170.119825
 15.000000 42750.100373
 20.000000 105169.562971
 25.000000 178989.570399
 30.000000 237816.231994
 35.000000 273409.120434
 40.000000 289773.340241
 45.000000 289178.010782
 50.000000 280894.269316
 55.000000 263623.076269
 60.000000 243981.135206
 65.000000 222708.528404
 70.000000 204239.787132
 75.000000 185836.222352
 80.000000 169358.618130
 85.000000 154086.331766
 90.000000 142591.841803
 95.000000 131905.962193
100.000000 124435.156443
105.000000 117227.656851
110.000000 113793.119225
115.000000 106977.524812
120.000000 108400.845767
125.000000 101426.502194
130.000000 99433.998327
135.000000 91973.065877
140.000000 94623.773056
145.000000 91325.941847

# ROI 3; cumulated distance [mm]: 22.105091929838242; pos: (98.67109255118875, 48.135317917691594, 64.34024366267411)
  0.000000 3927.335028
  5.000000 8248.963548
 10.000000 9375.563658
 15.000000 29329.540897
 20.000000 88292.184517
 25.000000 172269.806246
 30.000000 245147.342277
 35.000000 292246.240605
 40.000000 310891.489275
 45.000000 309632.841270
 50.000000 296861.737282
 55.000000 276426.529461
 60.000000 254749.002997
 65.000000 230960.708855
 70.000000 210223.840180
 75.000000 189240.929051
 80.000000 172350.071871
 85.000000 159464.555315
 90.000000 147607.426320
 95.000000 137964.589348
100.000000 128270.113689
105.000000 121664.286546
110.000000 114142.980004
115.000000 111022.010521
120.000000 107287.942951
125.000000 106253.932931
130.000000 102589.437540
135.000000 97393.007218
140.000000 98499.991559
145.000000 91547.332780

# ROI 4; cumulated distance [mm]: 33.22469679457939; pos: (103.676835935137, 49.996589674175915, 74.09338741074565)
  0.000000 2731.317663
  5.000000 5443.398650
 10.000000 6030.394422
 15.000000 18377.674072
 20.000000 65521.397330
 25.000000 146494.559466
 30.000000 226145.602624
 35.000000 279560.130200
 40.000000 300973.112288
 45.000000 303316.398943
 50.000000 287470.896723
 55.000000 267821.436429
 60.000000 245480.790273
 65.000000 222956.183392
 70.000000 202679.361637
 75.000000 184453.224097
 80.000000 169626.368879
 85.000000 155510.681810
 90.000000 144262.420476
 95.000000 133993.303016
100.000000 126484.726229
105.000000 119153.012590
110.000000 114746.043020
115.000000 107858.553105
120.000000 104375.534176
125.000000 100988.262335
130.000000 98362.505050
135.000000 91479.228163
140.000000 92957.460176
145.000000 91857.055627

# ROI 5; cumulated distance [mm]: 44.38620579527469; pos: (108.53195213649482, 52.09381258482793, 83.92236426019196)
  0.000000 1867.560672
  5.000000 3707.354640
 10.000000 3878.338136
 15.000000 11045.243676
 20.000000 45339.847285
 25.000000 112453.250070
 30.000000 188764.846637
 35.000000 245742.976908
 40.000000 272584.261112
 45.000000 280515.591091
 50.000000 273885.582353
 55.000000 258136.749852
 60.000000 241523.541657
 65.000000 222776.734084
 70.000000 203521.512550
 75.000000 185794.921062
 80.000000 171589.387964
 85.000000 158292.197237
 90.000000 146657.506155
 95.000000 136660.126024
100.000000 128528.613048
105.000000 122244.229481
110.000000 115725.330557
115.000000 108332.804042
120.000000 104504.996913
125.000000 103420.204197
130.000000 97748.317846
135.000000 93678.792120
140.000000 92342.238986
145.000000 92136.097062

# ROI 6; cumulated distance [mm]: 55.54771479597001; pos: (113.38706833785267, 54.19103549547995, 93.75134110963826)
  0.000000 1171.541291
  5.000000 2405.618492
 10.000000 2319.091432
 15.000000 5221.734891
 20.000000 26590.187346
 25.000000 75188.042631
 30.000000 137958.645784
 35.000000 190592.605342
 40.000000 221927.007677
 45.000000 234837.796318
 50.000000 233384.854622
 55.000000 223836.103343
 60.000000 210125.631063
 65.000000 195492.675882
 70.000000 179750.052437
 75.000000 166466.098528
 80.000000 154461.911066
 85.000000 141972.361171
 90.000000 131406.250325
 95.000000 123370.228926
100.000000 113712.235000
105.000000 107107.950600
110.000000 98431.127679
115.000000 94623.795457
120.000000 87361.957634
125.000000 85529.570976
130.000000 79886.041275
135.000000 77666.243083
140.000000 75720.313451
145.000000 74798.941760

# ROI 7; cumulated distance [mm]: 66.77872136728915; pos: (116.63527552697047, 57.15826882738267, 104.08479092156567)
  0.000000 734.295660
  5.000000 1442.433183
 10.000000 1395.774578
 15.000000 2718.072380
 20.000000 16362.185372
 25.000000 54985.344244
 30.000000 114230.106072
 35.000000 172640.112297
 40.000000 212218.933758
 45.000000 230045.074286
 50.000000 231171.581694
 55.000000 222922.784682
 60.000000 209371.342963
 65.000000 196279.069869
 70.000000 178893.183848
 75.000000 162600.067139
 80.000000 147864.975970
 85.000000 135287.873112
 90.000000 123979.988649
 95.000000 113386.623473
100.000000 103689.815847
105.000000 96090.148532
110.000000 90779.084224
115.000000 85823.950480
120.000000 82198.708436
125.000000 77035.541117
130.000000 73650.916082
135.000000 72882.652787
140.000000 70626.470432
145.000000 70151.543183

# ROI 8; cumulated distance [mm]: 78.035838111632; pos: (119.7129021036069, 60.21785767499396, 114.47179280536824)
  0.000000 429.758947
  5.000000 804.742737
 10.000000 774.006459
 15.000000 1270.948213
 20.000000 8831.063770
 25.000000 34963.669890
 30.000000 85805.590483
 35.000000 147056.102589
 40.000000 196566.340252
 45.000000 224485.334235
 50.000000 233255.523991
 55.000000 229251.288059
 60.000000 216320.821016
 65.000000 202371.597967
 70.000000 184859.454453
 75.000000 168529.309876
 80.000000 155778.213215
 85.000000 142210.754194
 90.000000 129217.064181
 95.000000 119123.683585
100.000000 107995.056831
105.000000 99354.256047
110.000000 91975.793108
115.000000 85573.653587
120.000000 82364.605081
125.000000 78809.696552
130.000000 74905.256967
135.000000 71978.625722
140.000000 69882.223137
145.000000 68284.778420

# ROI 9; cumulated distance [mm]: 89.27917226617635; pos: (121.5775599652292, 64.06247095715435, 124.87153139249)
  0.000000 265.126939
  5.000000 464.555490
 10.000000 473.697053
 15.000000 588.058985
 20.000000 4774.724582
 25.000000 21489.120756
 30.000000 60540.060108
 35.000000 115583.272116
 40.000000 168567.563551
 45.000000 205545.963309
 50.000000 221195.015708
 55.000000 221453.168970
 60.000000 212715.954175
 65.000000 201501.999453
 70.000000 187893.428205
 75.000000 173367.336701
 80.000000 160620.839532
 85.000000 147434.332306
 90.000000 135563.700346
 95.000000 125673.613389
100.000000 115699.105052
105.000000 106188.317746
110.000000 99041.661231
115.000000 92043.662679
120.000000 84994.896607
125.000000 81648.812364
130.000000 74706.815617
135.000000 74023.047119
140.000000 69944.621404
145.000000 66084.312719

# ROI 10; cumulated distance [mm]: 100.53890900191065; pos: (123.23281124756713, 68.04261063785971, 135.273468840506)
  0.000000 194.999586
  5.000000 303.570870
 10.000000 274.190148
 15.000000 370.618419
 20.000000 2549.551859
 25.000000 13005.355116
 30.000000 40440.119861
 35.000000 86675.224849
 40.000000 139614.223238
 45.000000 182656.642668
 50.000000 208179.330716
 55.000000 214836.535375
 60.000000 210903.137228
 65.000000 200042.061819
 70.000000 186431.916265
 75.000000 171782.380596
 80.000000 157738.975199
 85.000000 145763.481706
 90.000000 132746.018321
 95.000000 124523.622231
100.000000 113037.237505
105.000000 105687.968301
110.000000 97190.802216
115.000000 91269.626571
120.000000 83993.471117
125.000000 79351.964008
130.000000 73207.893103
135.000000 68435.226661
140.000000 67617.587188
145.000000 63119.115470

# ROI 11; cumulated distance [mm]: 111.82796851740888; pos: (123.86459576646926, 71.86125763675005, 145.87826248130838)
  0.000000 148.577038
  5.000000 212.267481
 10.000000 205.820015
 15.000000 238.399015
 20.000000 822.744760
 25.000000 6189.371196
 30.000000 22534.849058
 35.000000 56754.969516
 40.000000 106415.183113
 45.000000 156307.332592
 50.000000 191683.465029
 55.000000 209601.033849
 60.000000 211491.194723
 65.000000 204181.693007
 70.000000 191512.008824
 75.000000 177919.109539
 80.000000 164573.362471
 85.000000 150940.351024
 90.000000 139337.821737
 95.000000 127716.192754
100.000000 117958.475162
105.000000 109768.613579
110.000000 102483.235771
115.000000 94692.808946
120.000000 89995.560794
125.000000 85409.726395
130.000000 77262.973558
135.000000 72208.417064
140.000000 69367.808805
145.000000 66296.883565

# ROI 12; cumulated distance [mm]: 123.128460155103; pos: (124.35910797644604, 75.65824445662992, 156.51026417513054)
  0.000000 119.568973
  5.000000 166.312384
 10.000000 146.648541
 15.000000 163.861793
 20.000000 386.927337
 25.000000 4039.627848
 30.000000 14828.905594
 35.000000 38734.266350
 40.000000 78792.812812
 45.000000 129415.709629
 50.000000 175258.867006
 55.000000 203327.234980
 60.000000 215221.971459
 65.000000 214471.375434
 70.000000 204540.628648
 75.000000 190618.063351
 80.000000 175780.988370
 85.000000 161516.297343
 90.000000 146665.636146
 95.000000 135290.328324
100.000000 123897.750292
105.000000 115535.236846
110.000000 105245.363134
115.000000 100060.005560
120.000000 92754.572441
125.000000 83208.453934
130.000000 81140.017459
135.000000 76942.478123
140.000000 72992.838834
145.000000 67920.833230

# ROI 13; cumulated distance [mm]: 134.3966000598229; pos: (124.59272087146324, 79.8243949315096, 166.9773359790441)
  0.000000 116.837948
  5.000000 144.629084
 10.000000 157.485775
 15.000000 160.712752
 20.000000 287.947832
 25.000000 1931.836871
 30.000000 7423.334001
 35.000000 20918.529509
 40.000000 47973.134944
 45.000000 88471.647980
 50.000000 136763.932323
 55.000000 179446.591847
 60.000000 204788.698834
 65.000000 214982.630571
 70.000000 209912.423512
 75.000000 197900.352170
 80.000000 183729.654761
 85.000000 167554.965944
 90.000000 151223.469647
 95.000000 136390.286538
100.000000 126588.654599
105.000000 115968.747671
110.000000 107548.204146
115.000000 96593.637757
120.000000 93237.992479
125.000000 89904.671693
130.000000 80978.282092
135.000000 76518.084313
140.000000 73506.662136
145.000000 68328.128990

# ROI 14; cumulated distance [mm]: 145.65895273525626; pos: (124.7468604357316, 84.1029974657548, 177.3941679895221)
  0.000000 152.985375
  5.000000 177.426694
 10.000000 148.658866
 15.000000 185.979829
 20.000000 184.498947
 25.000000 1384.551765
 30.000000 5625.629530
 35.000000 14702.261630
 40.000000 32080.665139
 45.000000 61209.612149
 50.000000 100951.462211
 55.000000 144513.622638
 60.000000 181607.066032
 65.000000 204507.790307
 70.000000 214600.071638
 75.000000 209600.864573
 80.000000 199106.592799
 85.000000 184323.151838
 90.000000 169917.303339
 95.000000 155292.361975
100.000000 143207.847877
105.000000 124666.121748
110.000000 114979.514563
115.000000 105554.973039
120.000000 102152.909126
125.000000 92086.582918
130.000000 84391.632648
135.000000 79906.803251
140.000000 73591.357565
145.000000 71245.416173

# ROI 15; cumulated distance [mm]: 156.92130541068957; pos: (124.90099999999998, 88.3816, 187.811)
  0.000000 138.588617
  5.000000 161.526060
 10.000000 221.763335
 15.000000 168.451514
 20.000000 240.059923
 25.000000 1142.377707
 30.000000 4541.218807
 35.000000 12008.756274
 40.000000 24946.018225
 45.000000 45025.529721
 50.000000 73746.677064
 55.000000 106718.702271
 60.000000 142590.604123
 65.000000 170119.130792
 70.000000 188394.629197
 75.000000 191233.605231
 80.000000 192093.173191
 85.000000 183276.335086
 90.000000 172847.000353
 95.000000 158394.752512
100.000000 146134.707982
105.000000 134596.355522
110.000000 126363.188921
115.000000 109489.354852
120.000000 107775.815793
125.000000 97196.882151
130.000000 90575.068260
135.000000 85653.918955
140.000000 82201.502545
145.000000 76004.117375

