Inputfile;D:/Rawdata/phenoPET/2022-10-13_FloSt_Bohne_6/Run01_FloSTBean06Pfl479Mssg09_9000s\images_frame_00_0s-300s--iteration-014.img
Number of virtual detectors;15
Detector radius [px];8.0
Detector height [px];8.0
Voxel size X [mm]);0.8999999999999987;Voxel size Y [mm]);0.8999999999999987;Voxel size Z [mm]);1.0000000000000009

# ROI 1; cumulated distance [mm]: 0; pos: (86.29540252685547, 48.1161994934082, 46.02421188354492)
  0.000000 5004.266039
  5.000000 14696.184561
 10.000000 19157.697371
 15.000000 69989.331620
 20.000000 179449.437680
 25.000000 287190.247394
 30.000000 349851.728698
 35.000000 375250.773424
 40.000000 382086.040433
 45.000000 374560.859002
 50.000000 352685.054254
 55.000000 325869.633763
 60.000000 295685.439569
 65.000000 265847.651748
 70.000000 237704.770410
 75.000000 215302.726254
 80.000000 195276.678203
 85.000000 174159.049766
 90.000000 162797.022843
 95.000000 148135.678619
100.000000 137594.982557
105.000000 129919.263295
110.000000 120704.138773
115.000000 114907.566847
120.000000 112530.521189
125.000000 104964.891412
130.000000 103811.321359
135.000000 101037.215763
140.000000 94828.266044
145.000000 94056.459941

# ROI 2; cumulated distance [mm]: 11.052545964919117; pos: (92.4832475390221, 48.1257587055499, 55.18222777310952)
  0.000000 3936.022974
  5.000000 11530.483946
 10.000000 13637.310719
 15.000000 41493.062432
 20.000000 117385.330513
 25.000000 210354.032962
 30.000000 279410.053444
 35.000000 315687.658464
 40.000000 326955.135582
 45.000000 317469.096971
 50.000000 296549.559796
 55.000000 268747.378382
 60.000000 240023.414097
 65.000000 215474.803634
 70.000000 190973.546644
 75.000000 171577.611079
 80.000000 155297.075042
 85.000000 140260.051256
 90.000000 127046.565729
 95.000000 117391.638044
100.000000 110095.484209
105.000000 103456.559228
110.000000 95118.063691
115.000000 91677.145820
120.000000 87744.198960
125.000000 83787.397892
130.000000 82669.968195
135.000000 80828.447292
140.000000 77001.485624
145.000000 77677.170561

# ROI 3; cumulated distance [mm]: 22.105091929838242; pos: (98.67109255118875, 48.135317917691594, 64.34024366267411)
  0.000000 2847.165587
  5.000000 8387.792009
 10.000000 8980.378421
 15.000000 29004.991352
 20.000000 101114.855418
 25.000000 208656.569326
 30.000000 298561.639515
 35.000000 347261.565212
 40.000000 360187.983161
 45.000000 348648.661969
 50.000000 322111.393401
 55.000000 290796.586641
 60.000000 261995.808003
 65.000000 232731.956124
 70.000000 206468.526947
 75.000000 185932.092164
 80.000000 168609.060552
 85.000000 153508.758528
 90.000000 139810.225333
 95.000000 131574.492443
100.000000 123536.088789
105.000000 112833.895174
110.000000 107343.036512
115.000000 103416.744100
120.000000 96386.884237
125.000000 94073.763600
130.000000 90501.161569
135.000000 85239.380752
140.000000 86685.302770
145.000000 83338.749932

# ROI 4; cumulated distance [mm]: 33.22469679457939; pos: (103.676835935137, 49.996589674175915, 74.09338741074565)
  0.000000 1881.415893
  5.000000 5570.102051
 10.000000 5862.542538
 15.000000 18025.971948
 20.000000 76637.755021
 25.000000 184387.637264
 30.000000 284777.466703
 35.000000 339143.712013
 40.000000 351240.655001
 45.000000 334479.672832
 50.000000 306888.935081
 55.000000 274410.634912
 60.000000 243242.509117
 65.000000 217648.375386
 70.000000 192329.680957
 75.000000 173276.853017
 80.000000 158308.083394
 85.000000 145351.679345
 90.000000 132599.299101
 95.000000 123763.304315
100.000000 116561.348696
105.000000 110321.831201
110.000000 103614.034324
115.000000 99182.008618
120.000000 96700.718528
125.000000 91819.142990
130.000000 88836.252405
135.000000 86710.741136
140.000000 83075.173932
145.000000 85141.650541

# ROI 5; cumulated distance [mm]: 44.38620579527469; pos: (108.53195213649482, 52.09381258482793, 83.92236426019196)
  0.000000 1315.116014
  5.000000 3670.472106
 10.000000 3851.321816
 15.000000 10985.390330
 20.000000 56937.817557
 25.000000 155441.792550
 30.000000 258433.519141
 35.000000 319418.311892
 40.000000 338502.846750
 45.000000 329058.805828
 50.000000 306566.878723
 55.000000 279951.849183
 60.000000 251379.789958
 65.000000 225508.732092
 70.000000 202146.513970
 75.000000 181357.125459
 80.000000 165530.935037
 85.000000 149708.468642
 90.000000 135985.973011
 95.000000 127197.571444
100.000000 117168.526842
105.000000 107607.913484
110.000000 104059.152167
115.000000 97637.393107
120.000000 92785.942740
125.000000 87211.830068
130.000000 86242.178358
135.000000 84120.285048
140.000000 80911.243539
145.000000 79166.668943

# ROI 6; cumulated distance [mm]: 55.54771479597001; pos: (113.38706833785267, 54.19103549547995, 93.75134110963826)
  0.000000 853.227239
  5.000000 2341.530041
 10.000000 2296.264330
 15.000000 5333.930075
 20.000000 31860.943189
 25.000000 100214.918294
 30.000000 185537.223530
 35.000000 248487.832705
 40.000000 280398.164118
 45.000000 287124.469707
 50.000000 280098.898697
 55.000000 261783.819932
 60.000000 240213.894719
 65.000000 215918.269315
 70.000000 191881.009530
 75.000000 171252.115059
 80.000000 151670.394695
 85.000000 137188.434900
 90.000000 124286.984876
 95.000000 112374.643365
100.000000 102946.729672
105.000000 95166.905631
110.000000 89648.696486
115.000000 84271.241799
120.000000 80791.732042
125.000000 75257.436231
130.000000 71327.656238
135.000000 69666.798879
140.000000 69885.479585
145.000000 69625.906738

# ROI 7; cumulated distance [mm]: 66.77872136728915; pos: (116.63527552697047, 57.15826882738267, 104.08479092156567)
  0.000000 506.139984
  5.000000 1379.220098
 10.000000 1311.225721
 15.000000 2751.094997
 20.000000 20563.722287
 25.000000 74435.542543
 30.000000 156030.202128
 35.000000 225920.591041
 40.000000 265543.941188
 45.000000 278289.464618
 50.000000 271996.662233
 55.000000 255666.390218
 60.000000 234454.518906
 65.000000 210652.343767
 70.000000 189635.513561
 75.000000 171567.688295
 80.000000 152542.658850
 85.000000 138804.378741
 90.000000 124109.957895
 95.000000 112827.826116
100.000000 101568.576533
105.000000 95450.222501
110.000000 89120.898944
115.000000 82301.930373
120.000000 75027.006897
125.000000 71987.227146
130.000000 70153.674182
135.000000 65858.198464
140.000000 66063.098226
145.000000 64689.815947

# ROI 8; cumulated distance [mm]: 78.035838111632; pos: (119.7129021036069, 60.21785767499396, 114.47179280536824)
  0.000000 283.300119
  5.000000 814.195320
 10.000000 768.146396
 15.000000 1173.925336
 20.000000 11956.810301
 25.000000 51700.936077
 30.000000 125176.301102
 35.000000 201474.243022
 40.000000 252642.520383
 45.000000 273959.108640
 50.000000 273292.712197
 55.000000 262287.198809
 60.000000 243054.484486
 65.000000 221303.798553
 70.000000 202059.546816
 75.000000 180589.483867
 80.000000 163438.458250
 85.000000 148657.168087
 90.000000 133193.392617
 95.000000 122447.091083
100.000000 110429.138916
105.000000 101699.150580
110.000000 93708.796708
115.000000 85540.996372
120.000000 82197.567099
125.000000 76052.454223
130.000000 74398.374600
135.000000 70677.065934
140.000000 68841.158084
145.000000 65833.019704

# ROI 9; cumulated distance [mm]: 89.27917226617635; pos: (121.5775599652292, 64.06247095715435, 124.87153139249)
  0.000000 164.212225
  5.000000 436.687975
 10.000000 433.273780
 15.000000 534.314467
 20.000000 5938.071801
 25.000000 33269.849204
 30.000000 93904.584675
 35.000000 166784.018185
 40.000000 221385.101143
 45.000000 249770.494458
 50.000000 258502.973368
 55.000000 254354.623536
 60.000000 243899.332347
 65.000000 228630.247894
 70.000000 210602.089257
 75.000000 193096.895222
 80.000000 174743.337670
 85.000000 157553.669328
 90.000000 141431.725943
 95.000000 127270.994581
100.000000 115286.046120
105.000000 104540.041183
110.000000 96474.619264
115.000000 89164.763927
120.000000 82118.166574
125.000000 75376.943088
130.000000 72741.974922
135.000000 67968.158456
140.000000 66668.172932
145.000000 63548.119828

# ROI 10; cumulated distance [mm]: 100.53890900191065; pos: (123.23281124756713, 68.04261063785971, 135.273468840506)
  0.000000 113.301984
  5.000000 293.097079
 10.000000 283.704111
 15.000000 298.698147
 20.000000 2402.910980
 25.000000 18698.342321
 30.000000 65180.167413
 35.000000 134515.867714
 40.000000 196776.133584
 45.000000 236411.491060
 50.000000 251403.461715
 55.000000 250926.242837
 60.000000 240416.987644
 65.000000 225759.990364
 70.000000 209501.497294
 75.000000 192203.042809
 80.000000 175272.697257
 85.000000 159499.991252
 90.000000 143722.189144
 95.000000 129832.067325
100.000000 117469.981941
105.000000 107817.600624
110.000000 100462.601058
115.000000 90326.660425
120.000000 84906.776586
125.000000 78169.595554
130.000000 72610.470670
135.000000 70122.603688
140.000000 66137.450725
145.000000 64716.193214

# ROI 11; cumulated distance [mm]: 111.82796851740888; pos: (123.86459576646926, 71.86125763675005, 145.87826248130838)
  0.000000  72.992043
  5.000000 192.326772
 10.000000 161.417354
 15.000000 163.762072
 20.000000 653.767368
 25.000000 8687.655644
 30.000000 39131.387602
 35.000000 98731.262749
 40.000000 167180.616259
 45.000000 217711.883454
 50.000000 243783.737589
 55.000000 248521.079021
 60.000000 240620.404292
 65.000000 227157.038323
 70.000000 210919.110468
 75.000000 194984.434715
 80.000000 178208.824048
 85.000000 163993.536713
 90.000000 150195.542063
 95.000000 135664.892160
100.000000 126199.283882
105.000000 113130.991311
110.000000 104806.213132
115.000000 96256.698006
120.000000 91643.570600
125.000000 83056.665772
130.000000 79562.486796
135.000000 77818.021113
140.000000 70951.942409
145.000000 65983.421298

# ROI 12; cumulated distance [mm]: 123.128460155103; pos: (124.35910797644604, 75.65824445662992, 156.51026417513054)
  0.000000  57.736763
  5.000000 135.258699
 10.000000 120.597716
 15.000000 130.778971
 20.000000 306.029745
 25.000000 4535.418737
 30.000000 23348.876615
 35.000000 69619.207100
 40.000000 135671.809288
 45.000000 196276.064733
 50.000000 235191.422571
 55.000000 249271.834441
 60.000000 246407.831587
 65.000000 236787.942614
 70.000000 220054.395414
 75.000000 204429.222552
 80.000000 187278.793583
 85.000000 170487.641009
 90.000000 155306.925175
 95.000000 143724.130451
100.000000 131662.520325
105.000000 121425.677618
110.000000 108681.683646
115.000000 101402.762076
120.000000 93509.857865
125.000000 86686.649626
130.000000 83148.688939
135.000000 75585.051913
140.000000 69654.712428
145.000000 65222.299726

# ROI 13; cumulated distance [mm]: 134.3966000598229; pos: (124.59272087146324, 79.8243949315096, 166.9773359790441)
  0.000000  48.536265
  5.000000 129.797156
 10.000000  95.342945
 15.000000 104.520358
 20.000000 147.624622
 25.000000 1895.271100
 30.000000 10946.200307
 35.000000 39229.295731
 40.000000 93063.031822
 45.000000 155774.070918
 50.000000 206882.929461
 55.000000 235895.220054
 60.000000 244834.723114
 65.000000 241668.100793
 70.000000 229955.464417
 75.000000 212608.935459
 80.000000 194937.724808
 85.000000 180776.019280
 90.000000 165788.803557
 95.000000 150298.597106
100.000000 137359.172877
105.000000 124434.643918
110.000000 115880.683114
115.000000 106540.190255
120.000000 95980.270477
125.000000 90405.801754
130.000000 84561.361617
135.000000 78290.055623
140.000000 73703.580296
145.000000 65897.224132

# ROI 14; cumulated distance [mm]: 145.65895273525626; pos: (124.7468604357316, 84.1029974657548, 177.3941679895221)
  0.000000  53.180829
  5.000000 105.209728
 10.000000  85.303852
 15.000000 101.437181
 20.000000 127.717844
 25.000000 1019.046071
 30.000000 6234.933861
 35.000000 23847.623741
 40.000000 61030.152192
 45.000000 115951.114688
 50.000000 171657.583277
 55.000000 211860.764861
 60.000000 234347.566430
 65.000000 241394.803684
 70.000000 236001.562323
 75.000000 225600.336011
 80.000000 211741.837297
 85.000000 194269.442837
 90.000000 178188.600674
 95.000000 162200.844485
100.000000 150071.223603
105.000000 135608.362609
110.000000 122983.622299
115.000000 113043.270931
120.000000 105729.757259
125.000000 94807.848174
130.000000 90403.898723
135.000000 82854.577128
140.000000 82729.877067
145.000000 75615.075791

# ROI 15; cumulated distance [mm]: 156.92130541068957; pos: (124.90099999999998, 88.3816, 187.811)
  0.000000  53.258104
  5.000000  90.034074
 10.000000  81.674895
 15.000000  76.500097
 20.000000 132.422020
 25.000000 620.893340
 30.000000 4515.549782
 35.000000 16312.702342
 40.000000 41737.386389
 45.000000 82222.643136
 50.000000 130569.387653
 55.000000 171840.076895
 60.000000 202604.350680
 65.000000 220452.197847
 70.000000 226999.286477
 75.000000 223606.176021
 80.000000 212534.808949
 85.000000 197647.716468
 90.000000 188395.446238
 95.000000 175282.141963
100.000000 161320.199765
105.000000 145771.802462
110.000000 128944.173723
115.000000 122955.549397
120.000000 113461.421797
125.000000 108333.883825
130.000000 99132.990347
135.000000 92826.008130
140.000000 85412.103451
145.000000 76215.056489

