Inputfile;D:/Rawdata/phenoPET/2022-10-13_FloSt_Bohne_6/Run04_FloSTBean06Pfl479Mssg12_9000s\images_frame_00_0s-300s--iteration-014.img
Number of virtual detectors;15
Detector radius [px];8.0
Detector height [px];8.0
Voxel size X [mm]);0.8999999999999987;Voxel size Y [mm]);0.8999999999999987;Voxel size Z [mm]);1.0000000000000009

# ROI 1; cumulated distance [mm]: 0; pos: (87.34140014648438, 46.547203063964844, 44.978206634521484)
  0.000000 5464.712231
  5.000000 15607.815929
 10.000000 16142.388423
 15.000000 25277.171321
 20.000000 70981.517030
 25.000000 130961.620808
 30.000000 180239.696517
 35.000000 210304.285994
 40.000000 229209.876616
 45.000000 253404.269968
 50.000000 281534.724134
 55.000000 308244.935479
 60.000000 319453.129574
 65.000000 321004.144899
 70.000000 312746.872773
 75.000000 298365.152329
 80.000000 278353.758719
 85.000000 260845.084185
 90.000000 242082.880580
 95.000000 219263.239514
100.000000 202733.921120
105.000000 187534.729104
110.000000 173403.869251
115.000000 164314.988301
120.000000 156167.069791
125.000000 146681.436056
130.000000 138367.935718
135.000000 131486.102979
140.000000 128867.019239

# ROI 2; cumulated distance [mm]: 11.062509599233463; pos: (93.47657482033276, 46.766314846995854, 54.18096385076048)
  0.000000 4609.012409
  5.000000 12641.705696
 10.000000 12776.897784
 15.000000 17698.509811
 20.000000 46563.983677
 25.000000 89346.676594
 30.000000 132858.523161
 35.000000 161994.009710
 40.000000 177543.833049
 45.000000 202738.641696
 50.000000 229932.170111
 55.000000 255300.420237
 60.000000 271888.967286
 65.000000 275620.669216
 70.000000 267677.431968
 75.000000 253985.372304
 80.000000 234440.128282
 85.000000 215959.133465
 90.000000 197764.819521
 95.000000 180145.401973
100.000000 166644.755098
105.000000 154130.885169
110.000000 145546.836857
115.000000 134916.303648
120.000000 128178.391699
125.000000 115949.349593
130.000000 115453.956122
135.000000 108408.404639
140.000000 105658.996872

# ROI 3; cumulated distance [mm]: 22.125019198466923; pos: (99.61174949418114, 46.98542663002686, 63.38372106699947)
  0.000000 3255.490486
  5.000000 9137.693853
 10.000000 9182.636939
 15.000000 12607.198151
 20.000000 36111.865567
 25.000000 79916.108279
 30.000000 129427.443604
 35.000000 166422.249879
 40.000000 185423.753648
 45.000000 216826.027829
 50.000000 253731.849343
 55.000000 289302.372131
 60.000000 310180.629107
 65.000000 311899.991904
 70.000000 300556.554461
 75.000000 280956.632401
 80.000000 262119.436032
 85.000000 240200.819229
 90.000000 218719.145937
 95.000000 201243.596375
100.000000 184608.737910
105.000000 168477.989468
110.000000 157664.730871
115.000000 145957.026828
120.000000 136675.941758
125.000000 127802.960210
130.000000 128001.668480
135.000000 117321.881146
140.000000 112312.119334

# ROI 4; cumulated distance [mm]: 33.17113072297253; pos: (104.78548349522133, 48.58687735730259, 73.01099544069446)
  0.000000 2242.336933
  5.000000 6372.480398
 10.000000 6328.682189
 15.000000 8287.393821
 20.000000 24471.961411
 25.000000 58799.150763
 30.000000 105706.716432
 35.000000 147265.624705
 40.000000 168737.711972
 45.000000 201903.332764
 50.000000 239368.566663
 55.000000 271494.474293
 60.000000 287537.320072
 65.000000 284480.967825
 70.000000 268027.204987
 75.000000 248650.564854
 80.000000 225804.126212
 85.000000 203274.899334
 90.000000 183879.179529
 95.000000 167760.551187
100.000000 152454.794861
105.000000 141242.227549
110.000000 130491.798827
115.000000 122422.608639
120.000000 115953.290941
125.000000 108379.127360
130.000000 102430.903923
135.000000 97195.235094
140.000000 94417.950531

# ROI 5; cumulated distance [mm]: 44.34662276612727; pos: (109.35248482450646, 51.06067541149446, 82.9061682260479)
  0.000000 1559.379469
  5.000000 4195.385104
 10.000000 4073.096900
 15.000000 5437.934773
 20.000000 19571.013938
 25.000000 51321.717629
 30.000000 97478.050364
 35.000000 138219.307321
 40.000000 164791.958276
 45.000000 202366.113562
 50.000000 236266.429000
 55.000000 264537.569250
 60.000000 282222.500094
 65.000000 282823.432492
 70.000000 268315.614708
 75.000000 252137.667613
 80.000000 229119.741402
 85.000000 207942.674162
 90.000000 187692.858382
 95.000000 167607.891044
100.000000 153723.575874
105.000000 141859.588039
110.000000 126800.756499
115.000000 120267.322789
120.000000 110313.783734
125.000000 101229.796616
130.000000 97416.965031
135.000000 93366.631264
140.000000 87154.448691

# ROI 6; cumulated distance [mm]: 55.522114809282016; pos: (113.91948615379158, 53.53447346568633, 92.80134101140135)
  0.000000 995.543487
  5.000000 2628.937854
 10.000000 2542.134024
 15.000000 3187.006130
 20.000000 12190.121112
 25.000000 33542.947089
 30.000000 67367.342138
 35.000000 101603.848196
 40.000000 126451.463807
 45.000000 162080.825888
 50.000000 196800.407482
 55.000000 226844.067532
 60.000000 249024.567200
 65.000000 258890.730959
 70.000000 252772.747025
 75.000000 237023.792855
 80.000000 217415.529500
 85.000000 194340.994023
 90.000000 176748.893854
 95.000000 160328.115273
100.000000 144238.353449
105.000000 130300.198257
110.000000 117443.468416
115.000000 108685.319793
120.000000 102031.437586
125.000000 91543.577482
130.000000 84332.976385
135.000000 82764.145410
140.000000 76575.782543

# ROI 7; cumulated distance [mm]: 66.77785475643618; pos: (116.98623251305703, 56.317963947317224, 103.26742572654504)
  0.000000 634.887388
  5.000000 1554.475009
 10.000000 1553.038822
 15.000000 1960.237101
 20.000000 9171.644404
 25.000000 26190.750675
 30.000000 53419.340053
 35.000000 83682.282388
 40.000000 107296.617097
 45.000000 145142.414710
 50.000000 183484.652633
 55.000000 219541.342000
 60.000000 244079.804515
 65.000000 254080.686319
 70.000000 246200.534106
 75.000000 230205.068473
 80.000000 209886.665068
 85.000000 190690.038697
 90.000000 169779.118233
 95.000000 151667.678519
100.000000 135979.514529
105.000000 122164.710676
110.000000 111582.103452
115.000000 101676.539037
120.000000 91331.918451
125.000000 86125.782282
130.000000 80219.969968
135.000000 73770.884681
140.000000 70250.178319

# ROI 8; cumulated distance [mm]: 78.0675471822181; pos: (119.81817725531879, 59.149923711963076, 113.8228626164592)
  0.000000 381.523991
  5.000000 875.260245
 10.000000 850.424646
 15.000000 1063.093738
 20.000000 6200.724858
 25.000000 20083.901778
 30.000000 42341.052261
 35.000000 68995.009492
 40.000000 91272.699557
 45.000000 129129.789104
 50.000000 170681.112652
 55.000000 209221.944239
 60.000000 240860.118009
 65.000000 255876.739816
 70.000000 252891.617658
 75.000000 237725.414207
 80.000000 217594.423416
 85.000000 193736.354988
 90.000000 174059.545156
 95.000000 153716.884006
100.000000 137229.016705
105.000000 123016.929555
110.000000 110125.564603
115.000000 101623.390749
120.000000 92026.470178
125.000000 86605.807056
130.000000 79251.223241
135.000000 76140.112131
140.000000 71483.295958

# ROI 9; cumulated distance [mm]: 89.30592678085586; pos: (121.58407681367216, 63.071212871963276, 124.20584225029022)
  0.000000 247.365253
  5.000000 510.905502
 10.000000 521.903674
 15.000000 595.285532
 20.000000 3733.954984
 25.000000 14124.755776
 30.000000 31948.878959
 35.000000 54137.933471
 40.000000 75808.697237
 45.000000 111585.286406
 50.000000 152041.911444
 55.000000 190002.814100
 60.000000 220202.373440
 65.000000 240694.229561
 70.000000 242710.991727
 75.000000 235405.427539
 80.000000 219346.032223
 85.000000 202802.438747
 90.000000 183373.199571
 95.000000 164497.247943
100.000000 148471.871216
105.000000 131386.346256
110.000000 118236.003340
115.000000 106528.810260
120.000000 97135.556286
125.000000 88861.853478
130.000000 80448.597551
135.000000 75947.136492
140.000000 71446.710494

# ROI 10; cumulated distance [mm]: 100.55915190089853; pos: (123.13656013096846, 67.21057964099796, 134.55429691286122)
  0.000000 165.589571
  5.000000 330.831591
 10.000000 304.352600
 15.000000 324.549792
 20.000000 1939.981518
 25.000000 9047.320559
 30.000000 22140.144544
 35.000000 39474.312985
 40.000000 58391.962500
 45.000000 91396.961022
 50.000000 133095.699169
 55.000000 174164.114247
 60.000000 210022.364030
 65.000000 233838.147805
 70.000000 244434.206540
 75.000000 239907.455608
 80.000000 225389.366904
 85.000000 207992.628469
 90.000000 189292.562593
 95.000000 171301.818271
100.000000 150293.959047
105.000000 135560.300344
110.000000 122299.897411
115.000000 109946.688226
120.000000 98432.821003
125.000000 88114.237804
130.000000 82208.566787
135.000000 76100.553803
140.000000 71369.360377

# ROI 11; cumulated distance [mm]: 111.79466517082297; pos: (123.83613181108933, 71.65451600444574, 144.84986816950587)
  0.000000 115.340215
  5.000000 230.657982
 10.000000 220.324289
 15.000000 212.701946
 20.000000 956.974062
 25.000000 5543.833774
 30.000000 14444.453460
 35.000000 27282.454637
 40.000000 43740.905300
 45.000000 72423.726847
 50.000000 113227.497050
 55.000000 159305.262126
 60.000000 200532.350421
 65.000000 232233.446485
 70.000000 249846.486626
 75.000000 248735.332461
 80.000000 238381.847844
 85.000000 218782.725883
 90.000000 200372.186345
 95.000000 181422.771593
100.000000 163418.203502
105.000000 145824.845720
110.000000 129179.376687
115.000000 117646.623035
120.000000 107040.789162
125.000000 93740.555918
130.000000 87007.542117
135.000000 79502.663302
140.000000 75454.308747

# ROI 12; cumulated distance [mm]: 123.03653592192134; pos: (124.33775296357717, 76.16913930577459, 155.13316582399767)
  0.000000 103.865833
  5.000000 187.410819
 10.000000 175.410663
 15.000000 147.884122
 20.000000 432.923545
 25.000000 3348.954650
 30.000000 9466.412350
 35.000000 18954.179045
 40.000000 30468.202757
 45.000000 51882.104806
 50.000000 84510.533443
 55.000000 129459.371796
 60.000000 176345.746430
 65.000000 212162.042179
 70.000000 235455.137888
 75.000000 240424.700382
 80.000000 236081.959810
 85.000000 218811.632861
 90.000000 199185.987262
 95.000000 180417.773274
100.000000 164926.310944
105.000000 147526.330591
110.000000 130816.679434
115.000000 116545.079001
120.000000 105020.252785
125.000000 97996.908666
130.000000 89486.800613
135.000000 79639.707869
140.000000 75898.983857

# ROI 13; cumulated distance [mm]: 134.3397633626965; pos: (124.58849843206684, 79.63386265975998, 165.8893626132105)
  0.000000  92.523819
  5.000000 143.634617
 10.000000 171.332276
 15.000000 158.602210
 20.000000 239.196978
 25.000000 1887.932681
 30.000000 6026.689973
 35.000000 12711.516059
 40.000000 22686.381868
 45.000000 40097.472809
 50.000000 66337.146170
 55.000000 105006.983405
 60.000000 152831.986818
 65.000000 196822.339925
 70.000000 225931.273375
 75.000000 240394.185193
 80.000000 239395.757995
 85.000000 227706.721224
 90.000000 208524.639073
 95.000000 192835.474397
100.000000 171362.536609
105.000000 158725.853576
110.000000 143557.854281
115.000000 128755.532392
120.000000 119770.609463
125.000000 106310.642185
130.000000 97383.288096
135.000000 89864.923705
140.000000 83881.043139

# ROI 14; cumulated distance [mm]: 145.69776273607175; pos: (124.7447492160334, 82.70313132988001, 176.82368130660527)
  0.000000 104.088277
  5.000000 147.326694
 10.000000 154.296214
 15.000000 132.061770
 20.000000 202.142137
 25.000000 1078.419795
 30.000000 3823.437386
 35.000000 8376.656559
 40.000000 15524.519387
 45.000000 27966.483072
 50.000000 46852.645161
 55.000000 77253.254743
 60.000000 118564.265122
 65.000000 164281.771984
 70.000000 201214.113967
 75.000000 225511.905366
 80.000000 233813.779618
 85.000000 227192.890827
 90.000000 216090.361478
 95.000000 196505.850196
100.000000 177954.280014
105.000000 163300.607739
110.000000 149538.943551
115.000000 132715.909320
120.000000 121255.606752
125.000000 111344.804126
130.000000 100415.164257
135.000000 92139.716050
140.000000 85479.008028

# ROI 15; cumulated distance [mm]: 157.055762109447; pos: (124.90099999999998, 85.7724, 187.758)
  0.000000 157.863796
  5.000000 142.242439
 10.000000 169.972426
 15.000000 136.363827
 20.000000 155.569994
 25.000000 928.269556
 30.000000 2838.040407
 35.000000 6839.155985
 40.000000 13025.021490
 45.000000 23082.176185
 50.000000 36547.720473
 55.000000 58906.650687
 60.000000 90263.509662
 65.000000 131510.780016
 70.000000 171734.425711
 75.000000 201285.340563
 80.000000 219831.415551
 85.000000 223383.803295
 90.000000 216291.818925
 95.000000 205447.939003
100.000000 191969.182622
105.000000 175285.005051
110.000000 156087.614149
115.000000 142657.511667
120.000000 126907.667662
125.000000 116949.866665
130.000000 107661.555476
135.000000 94022.488330
140.000000 91164.405980

