Inputfile;D:/Rawdata/phenoPET/2022-10-13_FloSt_Bohne_6/Run02_FloSTBean06Pfl479Mssg10_9000s\images_frame_00_0s-300s--iteration-014.img
Number of virtual detectors;15
Detector radius [px];8.0
Detector height [px];8.0
Voxel size X [mm]);0.8999999999999987;Voxel size Y [mm]);0.8999999999999987;Voxel size Z [mm]);1.0000000000000009

# ROI 1; cumulated distance [mm]: 0; pos: (86.29539489746094, 46.54721450805664, 44.978206634521484)
  0.000000 5177.560469
  5.000000 14118.372414
 10.000000 14064.303832
 15.000000 23892.214581
 20.000000 68778.356772
 25.000000 123790.477323
 30.000000 161936.787265
 35.000000 186730.727652
 40.000000 203573.785518
 45.000000 222559.425778
 50.000000 244310.143482
 55.000000 266032.134321
 60.000000 282103.510180
 65.000000 278372.616203
 70.000000 266308.576698
 75.000000 244784.698823
 80.000000 222946.916459
 85.000000 201409.142834
 90.000000 181103.565495
 95.000000 160789.003106
100.000000 141734.980037
105.000000 125399.052905
110.000000 116125.803184
115.000000 102370.832402
120.000000 94288.674333
125.000000 87566.922994
130.000000 83065.661992
135.000000 76333.341139
140.000000 70003.217697
145.000000 68917.401540

# ROI 2; cumulated distance [mm]: 11.114099316083704; pos: (92.1845471742175, 46.782779911856395, 54.40081763198275)
  0.000000 4053.243738
  5.000000 10992.119101
 10.000000 11045.716510
 15.000000 15189.410590
 20.000000 39556.367018
 25.000000 77142.774142
 30.000000 106516.822320
 35.000000 126047.210689
 40.000000 144887.367847
 45.000000 161958.730836
 50.000000 182895.641426
 55.000000 205362.748304
 60.000000 223495.240322
 65.000000 225308.540689
 70.000000 213896.075993
 75.000000 196529.022715
 80.000000 176290.075892
 85.000000 157694.864361
 90.000000 139163.633137
 95.000000 124529.202791
100.000000 109691.586068
105.000000 98806.423820
110.000000 88179.482512
115.000000 81896.770535
120.000000 74698.964307
125.000000 68446.250589
130.000000 62214.327267
135.000000 60953.508573
140.000000 58391.726462
145.000000 52182.327307

# ROI 3; cumulated distance [mm]: 22.22819863216741; pos: (98.07369945097406, 47.01834531565614, 63.82342862944401)
  0.000000 2949.261571
  5.000000 7888.642639
 10.000000 7899.430499
 15.000000 10178.286452
 20.000000 28932.581999
 25.000000 64853.691340
 30.000000 98570.037023
 35.000000 126292.085395
 40.000000 150121.872882
 45.000000 173246.249380
 50.000000 199305.705355
 55.000000 226086.468971
 60.000000 247210.650040
 65.000000 250970.381636
 70.000000 237898.430649
 75.000000 215764.163081
 80.000000 190672.732235
 85.000000 169417.302690
 90.000000 149770.558627
 95.000000 132134.447381
100.000000 116652.818635
105.000000 104584.436643
110.000000 95054.667732
115.000000 84202.075562
120.000000 78227.471820
125.000000 68906.048004
130.000000 64453.240401
135.000000 58785.001523
140.000000 56577.158289
145.000000 53943.238101

# ROI 4; cumulated distance [mm]: 33.36632897463755; pos: (103.29507785211986, 48.48749003334081, 73.55157176759742)
  0.000000 2076.415569
  5.000000 5423.297461
 10.000000 5341.200536
 15.000000 6374.102917
 20.000000 17878.140308
 25.000000 46859.805309
 30.000000 78966.681682
 35.000000 107911.617228
 40.000000 133857.602955
 45.000000 162609.166594
 50.000000 192444.380164
 55.000000 220524.577189
 60.000000 240540.707962
 65.000000 244516.098898
 70.000000 230415.588406
 75.000000 206964.624946
 80.000000 180954.129785
 85.000000 158132.690680
 90.000000 136079.999572
 95.000000 119058.984366
100.000000 105540.307701
105.000000 92030.210951
110.000000 83021.152652
115.000000 72986.722430
120.000000 66618.219753
125.000000 61822.754115
130.000000 55387.253868
135.000000 52334.516585
140.000000 49880.080284
145.000000 46029.803757

# ROI 5; cumulated distance [mm]: 44.5446687259199; pos: (108.32788873274764, 50.30497571055885, 83.36599177328503)
  0.000000 1456.942460
  5.000000 3632.117127
 10.000000 3510.222097
 15.000000 4080.223319
 20.000000 11026.215694
 25.000000 33026.721634
 30.000000 61214.446111
 35.000000 88389.294078
 40.000000 111725.148179
 45.000000 137763.966513
 50.000000 166923.413276
 55.000000 197668.626303
 60.000000 224914.450632
 65.000000 236139.155730
 70.000000 226546.260482
 75.000000 205743.133015
 80.000000 182180.073619
 85.000000 158088.702691
 90.000000 139095.773438
 95.000000 121479.689550
100.000000 108140.086205
105.000000 95710.158895
110.000000 82880.334144
115.000000 77330.225718
120.000000 68075.183400
125.000000 63110.816847
130.000000 57195.248561
135.000000 54679.106852
140.000000 51400.354134
145.000000 45091.803145

# ROI 6; cumulated distance [mm]: 55.723008477202264; pos: (113.36069961337542, 52.122461387776895, 93.18041177897265)
  0.000000 956.598781
  5.000000 2326.828650
 10.000000 2213.868445
 15.000000 2329.322605
 20.000000 5116.327218
 25.000000 18550.455008
 30.000000 39099.141541
 35.000000 59887.609821
 40.000000 79048.649369
 45.000000 102089.853687
 50.000000 130001.294043
 55.000000 160248.666273
 60.000000 188747.936719
 65.000000 209143.249790
 70.000000 211692.876857
 75.000000 199807.933264
 80.000000 180748.860879
 85.000000 160426.667267
 90.000000 140390.215686
 95.000000 121903.769064
100.000000 106080.505139
105.000000 91088.507378
110.000000 78904.281676
115.000000 71004.040411
120.000000 62530.249495
125.000000 57926.728664
130.000000 50831.082383
135.000000 45940.440682
140.000000 42841.163921
145.000000 40748.704458

# ROI 7; cumulated distance [mm]: 66.94179067679133; pos: (116.5780076987623, 55.46080060181824, 103.39635490809756)
  0.000000 619.017524
  5.000000 1350.647270
 10.000000 1377.408136
 15.000000 1411.869006
 20.000000 2811.937948
 25.000000 11228.686566
 30.000000 26642.458151
 35.000000 44493.178323
 40.000000 63353.965330
 45.000000 85560.083584
 50.000000 113994.923484
 55.000000 146909.404720
 60.000000 178664.986184
 65.000000 200677.939943
 70.000000 207369.213143
 75.000000 196090.017051
 80.000000 179816.001066
 85.000000 158794.444816
 90.000000 138255.834266
 95.000000 118215.872176
100.000000 102959.458275
105.000000 88558.110975
110.000000 77636.850520
115.000000 67021.890460
120.000000 61850.987735
125.000000 54158.138344
130.000000 48827.136236
135.000000 46864.996385
140.000000 40843.901511
145.000000 39367.598051

# ROI 8; cumulated distance [mm]: 78.19580094779174; pos: (119.59847308499528, 58.96403568712505, 113.65583247605524)
  0.000000 427.565678
  5.000000 816.115592
 10.000000 798.635071
 15.000000 809.945180
 20.000000 1333.661004
 25.000000 5801.510574
 30.000000 15519.549962
 35.000000 29484.015464
 40.000000 45633.579308
 45.000000 66271.986005
 50.000000 95558.340203
 55.000000 130249.405200
 60.000000 164832.755103
 65.000000 192971.349536
 70.000000 205003.974991
 75.000000 200423.906737
 80.000000 184144.619603
 85.000000 162604.957736
 90.000000 141466.123177
 95.000000 121839.387966
100.000000 104769.084458
105.000000 91498.661683
110.000000 80048.343930
115.000000 70801.069638
120.000000 62189.173258
125.000000 57390.654595
130.000000 50624.195561
135.000000 48466.605398
140.000000 43835.831899
145.000000 40860.828328

# ROI 9; cumulated distance [mm]: 89.46362178285125; pos: (121.4908377834047, 62.8075024001957, 124.07746890440625)
  0.000000 298.666888
  5.000000 488.984949
 10.000000 450.403541
 15.000000 480.412179
 20.000000 625.321172
 25.000000 2628.285171
 30.000000 7823.509854
 35.000000 17020.191782
 40.000000 29199.349802
 45.000000 45758.170321
 50.000000 71668.727510
 55.000000 104532.796161
 60.000000 140463.039411
 65.000000 170190.953285
 70.000000 189038.308526
 75.000000 191950.536389
 80.000000 183808.556643
 85.000000 167317.619659
 90.000000 148194.506759
 95.000000 128881.357182
100.000000 112600.475411
105.000000 97032.912905
110.000000 85926.858585
115.000000 76544.090885
120.000000 65376.081776
125.000000 59292.864035
130.000000 53726.660835
135.000000 48875.853561
140.000000 45154.240199
145.000000 41107.312558

# ROI 10; cumulated distance [mm]: 100.75250053767681; pos: (123.12219796849662, 66.72968725551928, 134.53662343277608)
  0.000000 192.898748
  5.000000 338.089818
 10.000000 317.095279
 15.000000 323.978788
 20.000000 398.696067
 25.000000 914.190818
 30.000000 3536.589743
 35.000000 8486.414976
 40.000000 16130.948812
 45.000000 29267.161037
 50.000000 51313.909185
 55.000000 84726.724080
 60.000000 122398.889928
 65.000000 156099.514803
 70.000000 179263.962163
 75.000000 185239.418601
 80.000000 182552.858348
 85.000000 172071.052067
 90.000000 156800.562142
 95.000000 139234.762830
100.000000 121767.641162
105.000000 105828.962067
110.000000 91056.742839
115.000000 81055.290682
120.000000 67623.906096
125.000000 61288.702619
130.000000 55049.230189
135.000000 49478.099407
140.000000 46116.815191
145.000000 42597.467122

# ROI 11; cumulated distance [mm]: 112.03180384513453; pos: (123.8239511011597, 70.89480860165592, 144.99520793615804)
  0.000000 151.896232
  5.000000 246.044358
 10.000000 220.009773
 15.000000 213.327785
 20.000000 231.273376
 25.000000 406.695256
 30.000000 1333.740046
 35.000000 3521.917352
 40.000000 7488.818506
 45.000000 15138.415918
 50.000000 30726.114402
 55.000000 59704.026143
 60.000000 98468.066262
 65.000000 137614.033262
 70.000000 167138.253513
 75.000000 179665.915305
 80.000000 180404.179699
 85.000000 171233.868062
 90.000000 157982.306747
 95.000000 143728.714409
100.000000 126586.777865
105.000000 112287.643740
110.000000 97825.656126
115.000000 86610.468593
120.000000 75643.597960
125.000000 66432.923735
130.000000 58842.096051
135.000000 53761.247929
140.000000 47285.917114
145.000000 45248.049960

# ROI 12; cumulated distance [mm]: 123.32055901654977; pos: (124.3103823849895, 75.11620053461124, 155.45366040651166)
  0.000000 165.744915
  5.000000 171.249478
 10.000000 163.282595
 15.000000 196.340417
 20.000000 218.269585
 25.000000 278.176491
 30.000000 628.401891
 35.000000 1833.174872
 40.000000 3943.419688
 45.000000 8279.948488
 50.000000 18258.823110
 55.000000 40091.131843
 60.000000 75444.511067
 65.000000 117036.717706
 70.000000 154946.008284
 75.000000 176635.903753
 80.000000 182832.148042
 85.000000 176134.897136
 90.000000 162942.782571
 95.000000 147349.009749
100.000000 134977.452379
105.000000 118436.048135
110.000000 103690.520474
115.000000 90474.348508
120.000000 80312.772516
125.000000 70580.281264
130.000000 62574.635780
135.000000 56656.850783
140.000000 50135.528012
145.000000 45622.969304

# ROI 13; cumulated distance [mm]: 134.6426752944986; pos: (124.58089164191695, 78.83847597496514, 166.14299187763035)
  0.000000 167.427094
  5.000000 164.915214
 10.000000 167.423824
 15.000000 162.455471
 20.000000 214.126036
 25.000000 228.515649
 30.000000 344.274642
 35.000000 797.724619
 40.000000 1768.771975
 45.000000 3706.415553
 50.000000 8817.012880
 55.000000 21110.289826
 60.000000 48178.518885
 65.000000 86124.455005
 70.000000 126910.505534
 75.000000 160335.409471
 80.000000 175739.292139
 85.000000 175871.385570
 90.000000 165795.265046
 95.000000 151261.087938
100.000000 135790.950889
105.000000 120049.275012
110.000000 106508.527308
115.000000 91023.201156
120.000000 80073.983406
125.000000 69104.770342
130.000000 63978.289238
135.000000 56301.229782
140.000000 50224.799319
145.000000 45884.098856

# ROI 14; cumulated distance [mm]: 145.99371297103485; pos: (124.740950123937, 82.30543793865444, 176.95042507699878)
  0.000000 187.903465
  5.000000 176.074164
 10.000000 148.936054
 15.000000 174.817125
 20.000000 195.829870
 25.000000 250.378428
 30.000000 264.150926
 35.000000 494.149278
 40.000000 1236.874429
 45.000000 2347.694795
 50.000000 5166.479982
 55.000000 13014.480728
 60.000000 30798.481344
 65.000000 59773.604322
 70.000000 99625.933733
 75.000000 135990.393882
 80.000000 161116.767483
 85.000000 171290.397512
 90.000000 168698.379709
 95.000000 159370.210583
100.000000 145421.570854
105.000000 128433.792008
110.000000 114970.221464
115.000000 101209.690783
120.000000 90024.272534
125.000000 77439.118515
130.000000 68628.658060
135.000000 61223.210752
140.000000 57290.881792
145.000000 51025.191054

# ROI 15; cumulated distance [mm]: 157.3447506475711; pos: (124.90100860595702, 85.77239990234375, 187.7578582763672)
  0.000000 244.573743
  5.000000 204.694637
 10.000000 226.800516
 15.000000 289.766647
 20.000000 204.214300
 25.000000 289.348499
 30.000000 323.218530
 35.000000 465.649183
 40.000000 783.144862
 45.000000 1373.866723
 50.000000 3547.510923
 55.000000 9383.725275
 60.000000 22749.015475
 65.000000 45831.348825
 70.000000 77399.833423
 75.000000 112738.456991
 80.000000 142865.587779
 85.000000 161264.764716
 90.000000 167320.387953
 95.000000 162753.279528
100.000000 155444.165682
105.000000 144329.013722
110.000000 127800.057814
115.000000 115503.895186
120.000000 103003.087336
125.000000 89103.705088
130.000000 77847.511992
135.000000 68960.558722
140.000000 60076.477661
145.000000 57735.422512

