Inputfile;D:/Rawdata/phenoPET/2022-10-12_FloSt_Bohne_6/Run02_FloSTBean06Pfl479Mssg06_9000s\images_frame_00_0s-300s--iteration-014.img
Number of virtual detectors;15
Detector radius [px];8.0
Detector height [px];8.0
Voxel size X [mm]);0.8999999999999987;Voxel size Y [mm]);0.8999999999999987;Voxel size Z [mm]);1.0000000000000009

# ROI 1; cumulated distance [mm]: 0; pos: (85.2494, 48.1162, 47.0702)
  0.000000 5083.056783
  5.000000 14318.184453
 10.000000 14703.827086
 15.000000 25684.881030
 20.000000 80106.075521
 25.000000 166910.620432
 30.000000 236752.420027
 35.000000 273840.216844
 40.000000 288265.357810
 45.000000 287519.583892
 50.000000 279154.362302
 55.000000 263189.220622
 60.000000 243292.793527
 65.000000 222652.107600
 70.000000 203267.068328
 75.000000 185735.566908
 80.000000 170632.103504
 85.000000 154413.979021
 90.000000 141278.857956
 95.000000 128751.336275
100.000000 120371.328538
105.000000 111117.738658
110.000000 107238.242677
115.000000 102073.609785
120.000000 93483.348052
125.000000 89052.434772
130.000000 83002.978005
135.000000 81506.238570
140.000000 81352.065081
145.000000 79208.840260

# ROI 2; cumulated distance [mm]: 11.156956418952296; pos: (90.66129688415556, 48.65738968841555, 56.81166613045597)
  0.000000 3835.469241
  5.000000 10893.868234
 10.000000 10981.638279
 15.000000 15470.341017
 20.000000 48460.798739
 25.000000 116962.486265
 30.000000 186963.395749
 35.000000 231910.820490
 40.000000 251651.571297
 45.000000 253508.638453
 50.000000 244561.848479
 55.000000 229791.381892
 60.000000 212735.405504
 65.000000 195211.957314
 70.000000 175481.618476
 75.000000 159631.522561
 80.000000 143779.702631
 85.000000 130970.630056
 90.000000 120072.763099
 95.000000 109921.678691
100.000000 101523.675112
105.000000 93494.733731
110.000000 85721.852731
115.000000 82743.779585
120.000000 77053.652944
125.000000 73010.435806
130.000000 67292.361211
135.000000 65732.367822
140.000000 64636.659329
145.000000 59799.407529

# ROI 3; cumulated distance [mm]: 22.31003592210353; pos: (96.05466404956881, 49.27728581607139, 66.55427880948471)
  0.000000 2807.212719
  5.000000 7676.955596
 10.000000 7600.937843
 15.000000 9481.628576
 20.000000 30529.153459
 25.000000 88597.422596
 30.000000 164860.391391
 35.000000 221459.763741
 40.000000 248891.135989
 45.000000 253709.691856
 50.000000 244656.249525
 55.000000 228777.190173
 60.000000 208604.525435
 65.000000 187677.111072
 70.000000 171113.935723
 75.000000 153786.309867
 80.000000 138282.196077
 85.000000 124958.523916
 90.000000 113445.465123
 95.000000 103345.733122
100.000000 93942.991473
105.000000 87187.887051
110.000000 81203.697267
115.000000 75663.836938
120.000000 71029.158652
125.000000 66033.874043
130.000000 61129.843037
135.000000 60227.747259
140.000000 58393.443518
145.000000 56039.985842

# ROI 4; cumulated distance [mm]: 33.46982401883852; pos: (101.19090770417235, 50.98933429974581, 76.31280131415319)
  0.000000 2024.062881
  5.000000 5234.822044
 10.000000 5273.630514
 15.000000 5835.237751
 20.000000 17078.665457
 25.000000 59016.430458
 30.000000 129584.629279
 35.000000 195220.666153
 40.000000 231912.028201
 45.000000 244460.495286
 50.000000 241301.509086
 55.000000 227160.718866
 60.000000 211022.977495
 65.000000 194338.465457
 70.000000 175680.562628
 75.000000 160328.437717
 80.000000 144712.442896
 85.000000 131022.341551
 90.000000 118198.151836
 95.000000 108785.815099
100.000000 97893.287457
105.000000 90596.975313
110.000000 81915.233702
115.000000 75772.018509
120.000000 70760.420831
125.000000 65482.756379
130.000000 64211.664579
135.000000 60792.460315
140.000000 56356.785776
145.000000 56554.096774

# ROI 5; cumulated distance [mm]: 44.62961211557351; pos: (106.32715135877586, 52.70138278342024, 86.07132381882167)
  0.000000 1404.166609
  5.000000 3493.756462
 10.000000 3447.182687
 15.000000 3709.311757
 20.000000 9001.605077
 25.000000 34760.847319
 30.000000 90042.290296
 35.000000 153159.403213
 40.000000 198554.495482
 45.000000 220887.043420
 50.000000 225771.631329
 55.000000 218822.447250
 60.000000 207084.217173
 65.000000 191786.530604
 70.000000 176449.131818
 75.000000 160283.173339
 80.000000 145880.521047
 85.000000 131454.715226
 90.000000 120245.971791
 95.000000 107701.176996
100.000000 98593.631721
105.000000 89882.867834
110.000000 83852.566667
115.000000 78059.031264
120.000000 71633.174128
125.000000 69195.697608
130.000000 62949.839251
135.000000 60205.121906
140.000000 56714.302825
145.000000 55660.570387

# ROI 6; cumulated distance [mm]: 55.787143997081365; pos: (111.4391944603893, 54.431494460389295, 95.83678574334557)
  0.000000 965.368433
  5.000000 2265.764441
 10.000000 2227.929043
 15.000000 2250.916759
 20.000000 4020.064374
 25.000000 18236.161039
 30.000000 55708.196147
 35.000000 108671.861452
 40.000000 152960.756192
 45.000000 178634.149837
 50.000000 188687.049536
 55.000000 187797.588616
 60.000000 179641.535533
 65.000000 169828.751683
 70.000000 156707.217415
 75.000000 145789.859867
 80.000000 133285.992185
 85.000000 122445.872926
 90.000000 112607.256208
 95.000000 104866.883750
100.000000 94450.633348
105.000000 85986.595591
110.000000 79729.970721
115.000000 74953.875073
120.000000 70603.659435
125.000000 64670.416800
130.000000 60510.484841
135.000000 60453.973976
140.000000 55168.274246
145.000000 52076.557659

# ROI 7; cumulated distance [mm]: 67.04262315759652; pos: (114.61471707232376, 57.60701707232377, 106.15753781938038)
  0.000000 656.413912
  5.000000 1369.128473
 10.000000 1292.682985
 15.000000 1353.595306
 20.000000 2156.175040
 25.000000 10068.995042
 30.000000 35909.259579
 35.000000 82995.877805
 40.000000 133633.077014
 45.000000 168519.873509
 50.000000 181739.860764
 55.000000 182835.016336
 60.000000 176077.045974
 65.000000 165666.313457
 70.000000 153791.924218
 75.000000 141107.363879
 80.000000 130206.839007
 85.000000 118422.942513
 90.000000 109601.396717
 95.000000 100006.296339
100.000000 93735.908237
105.000000 85597.358776
110.000000 78865.501112
115.000000 72139.256752
120.000000 68685.736199
125.000000 62473.265869
130.000000 57483.814661
135.000000 56358.746647
140.000000 51427.267800
145.000000 49182.857911

# ROI 8; cumulated distance [mm]: 78.2911981246563; pos: (117.74291423843394, 60.83080600762529, 116.47024872292711)
  0.000000 406.459265
  5.000000 792.647631
 10.000000 808.177688
 15.000000 721.677467
 20.000000 1062.111838
 25.000000 4950.434836
 30.000000 19762.162738
 35.000000 55079.096506
 40.000000 105455.178994
 45.000000 151187.907477
 50.000000 178752.172709
 55.000000 186885.183755
 60.000000 183876.085694
 65.000000 173685.361238
 70.000000 162246.905882
 75.000000 150091.993818
 80.000000 137883.729397
 85.000000 126494.720624
 90.000000 116839.469418
 95.000000 105133.559786
100.000000 97065.760040
105.000000 87933.216929
110.000000 81192.047355
115.000000 74901.917968
120.000000 70038.986981
125.000000 65301.049196
130.000000 60289.240440
135.000000 57102.175182
140.000000 54564.890775
145.000000 50497.099433

# ROI 9; cumulated distance [mm]: 89.50809080793756; pos: (119.60293055926918, 65.34798850108226, 126.56748017888974)
  0.000000 277.978726
  5.000000 505.605437
 10.000000 489.251745
 15.000000 459.467386
 20.000000 592.680063
 25.000000 2476.833602
 30.000000 11276.420917
 35.000000 34456.288311
 40.000000 75334.926792
 45.000000 121174.097306
 50.000000 157938.788491
 55.000000 175730.771197
 60.000000 179598.013895
 65.000000 171263.615591
 70.000000 159191.880620
 75.000000 147372.174170
 80.000000 134403.281939
 85.000000 123547.654752
 90.000000 113880.183111
 95.000000 103500.791937
100.000000 94521.006869
105.000000 87735.460664
110.000000 81128.667978
115.000000 72814.444210
120.000000 69320.758808
125.000000 64717.527911
130.000000 60014.504575
135.000000 56553.747173
140.000000 51605.324230
145.000000 51598.808629

# ROI 10; cumulated distance [mm]: 100.72121530721847; pos: (121.38588827355329, 69.88522493957586, 136.66543582974572)
  0.000000 247.968797
  5.000000 361.701644
 10.000000 332.502152
 15.000000 318.776041
 20.000000 374.199341
 25.000000 1053.590229
 30.000000 5995.041968
 35.000000 19940.816082
 40.000000 47627.886296
 45.000000 88591.419445
 50.000000 130203.064955
 55.000000 160597.953748
 60.000000 175390.091308
 65.000000 174935.688622
 70.000000 167709.884381
 75.000000 155018.045167
 80.000000 143283.538773
 85.000000 131365.055871
 90.000000 120056.736419
 95.000000 108437.232861
100.000000 102268.591236
105.000000 91564.186203
110.000000 84330.279958
115.000000 77453.457039
120.000000 72467.811955
125.000000 64844.035691
130.000000 61325.227894
135.000000 58288.273779
140.000000 55368.167720
145.000000 53937.079890

# ROI 11; cumulated distance [mm]: 111.93993803927316; pos: (122.107883027462, 74.69856931520405, 146.77336238446787)
  0.000000 224.235206
  5.000000 247.994474
 10.000000 239.106307
 15.000000 245.507347
 20.000000 294.981142
 25.000000 443.984585
 30.000000 2717.503967
 35.000000 9955.756596
 40.000000 27463.220730
 45.000000 58630.369085
 50.000000 99455.252868
 55.000000 138956.256093
 60.000000 167623.471538
 65.000000 179467.005736
 70.000000 178409.463534
 75.000000 171594.929888
 80.000000 158703.042408
 85.000000 144016.195889
 90.000000 131539.305054
 95.000000 121144.880435
100.000000 109121.419787
105.000000 100835.788300
110.000000 92442.121629
115.000000 85025.882496
120.000000 79299.164770
125.000000 74720.295394
130.000000 68970.381508
135.000000 62703.295810
140.000000 60485.218691
145.000000 57901.112141

# ROI 12; cumulated distance [mm]: 123.15866077132779; pos: (122.82987778137073, 79.51191369083224, 156.88128893918997)
  0.000000 251.145979
  5.000000 196.165950
 10.000000 192.335288
 15.000000 206.284825
 20.000000 218.743965
 25.000000 362.476231
 30.000000 1550.492421
 35.000000 5964.380858
 40.000000 16360.624577
 45.000000 36384.580380
 50.000000 67681.756861
 55.000000 104854.248349
 60.000000 140123.053782
 65.000000 161588.892514
 70.000000 172689.168906
 75.000000 173219.263674
 80.000000 164653.765895
 85.000000 153800.842271
 90.000000 140506.910101
 95.000000 127094.367740
100.000000 116886.346073
105.000000 104687.317792
110.000000 93880.268070
115.000000 87242.712912
120.000000 81880.180719
125.000000 76200.978230
130.000000 67733.875058
135.000000 64135.874811
140.000000 62199.778468
145.000000 58526.232718

# ROI 13; cumulated distance [mm]: 134.4561720582541; pos: (122.906, 83.41369967561988, 167.483365755313)
  0.000000 263.105420
  5.000000 196.791291
 10.000000 184.088834
 15.000000 248.776847
 20.000000 234.954387
 25.000000 282.039327
 30.000000 797.120433
 35.000000 3200.454268
 40.000000 9156.983809
 45.000000 20729.087649
 50.000000 41318.355683
 55.000000 69304.946709
 60.000000 101264.497707
 65.000000 130205.938696
 70.000000 151930.846895
 75.000000 162820.159449
 80.000000 164588.497330
 85.000000 157767.904530
 90.000000 149315.246862
 95.000000 136541.489810
100.000000 124429.126282
105.000000 110868.293951
110.000000 101518.667555
115.000000 91223.912898
120.000000 84100.097983
125.000000 78641.244220
130.000000 70898.973559
135.000000 67794.794292
140.000000 62516.899573
145.000000 60263.482626

# ROI 14; cumulated distance [mm]: 145.7716240731867; pos: (122.906, 87.20804983780994, 178.14368287765652)
  0.000000 363.185853
  5.000000 207.615179
 10.000000 236.345865
 15.000000 232.313749
 20.000000 314.464697
 25.000000 307.233504
 30.000000 673.254061
 35.000000 2589.598364
 40.000000 6900.342896
 45.000000 14585.386959
 50.000000 27462.201154
 55.000000 47700.775407
 60.000000 74965.002856
 65.000000 102978.904559
 70.000000 128641.611516
 75.000000 145108.443532
 80.000000 156574.968711
 85.000000 159188.403326
 90.000000 155985.117166
 95.000000 148919.102716
100.000000 138828.541881
105.000000 126142.865936
110.000000 115561.479538
115.000000 107935.459694
120.000000 95495.562174
125.000000 87147.614963
130.000000 78971.595701
135.000000 71107.606582
140.000000 67805.455076
145.000000 64528.771012

# ROI 15; cumulated distance [mm]: 157.08707608811926; pos: (122.906, 91.0024, 188.804)
  0.000000 423.486479
  5.000000 273.348409
 10.000000 323.328344
 15.000000 322.408285
 20.000000 322.720828
 25.000000 369.711809
 30.000000 647.219533
 35.000000 2104.805170
 40.000000 5670.781805
 45.000000 12324.127461
 50.000000 20393.105885
 55.000000 33867.296179
 60.000000 53311.397462
 65.000000 76211.293410
 70.000000 101658.618853
 75.000000 118886.496429
 80.000000 134045.141641
 85.000000 141808.755516
 90.000000 146759.447299
 95.000000 143040.197861
100.000000 139695.218521
105.000000 132468.752571
110.000000 125150.483892
115.000000 114373.637884
120.000000 103287.382970
125.000000 95472.474613
130.000000 89387.388594
135.000000 83065.172980
140.000000 76479.654869
145.000000 72689.149360

