Inputfile;C:/Users/h.lanzrath/Documents/Run01_FLOSTPoplar02B01M06_Ring999_12600s/frames\images_frame_00_0s-300s--iteration-014.img
Number of virtual detectors;9
Detector radius [px];15.0
Detector height [px];7.0
Voxel size X [mm]);0.8999999999999987;Voxel size Y [mm]);0.8999999999999987;Voxel size Z [mm]);1.0000000000000009

# Roi 0; cumulated distance [mm]: 0.0; pos: [ 88.37495592 123.13534207 109.76087952]; Volume Error [%] <= 1.42163401; in Frame : True
  0.000000 111.368332
  5.000000 166.843700
 10.000000 158.293103
 15.000000 142.731808
 20.000000 160.553864
 25.000000 199.284558
 30.000000 523.587424
 35.000000 1484.292017
 40.000000 5504.355913
 45.000000 16774.746813
 50.000000 36387.734704
 55.000000 63032.636767
 60.000000 91260.373822
 65.000000 117984.822048
 70.000000 141865.246108
 75.000000 163068.282837
 80.000000 180096.971198
 85.000000 192841.422331
 90.000000 201758.640970
 95.000000 210411.588844
100.000000 215931.624551
105.000000 220852.030042
110.000000 221625.269340
115.000000 226116.721664
120.000000 226196.522235
125.000000 228282.969092
130.000000 232087.410350
135.000000 233396.060100
140.000000 232624.153751
145.000000 235989.972234
150.000000 235814.139602
155.000000 231110.778767
160.000000 237589.395646
165.000000 238990.962831
170.000000 238356.412202
175.000000 242836.883861
180.000000 248481.377747
185.000000 252845.651626
190.000000 255355.203023
195.000000 249733.344463
200.000000 263983.198855
205.000000 269938.322789

#  Roi 1; cumulated distance [mm]: 11.692; pos: [ 97.92750857 129.84891901 110.38363948]; Volume Error [%] <= 1.42163401; in Frame : True
  0.000000 118.322619
  5.000000 178.281714
 10.000000 163.386006
 15.000000 162.657838
 20.000000 158.500232
 25.000000 215.894203
 30.000000 376.312926
 35.000000 803.049988
 40.000000 1995.145922
 45.000000 5012.227682
 50.000000 12057.615253
 55.000000 23969.939789
 60.000000 38666.609040
 65.000000 54830.567391
 70.000000 71332.869119
 75.000000 86608.741791
 80.000000 99736.967478
 85.000000 111146.333565
 90.000000 121926.362807
 95.000000 130468.046251
100.000000 137115.996421
105.000000 143729.554190
110.000000 148836.765647
115.000000 152078.641275
120.000000 156349.848904
125.000000 156112.143624
130.000000 157396.359093
135.000000 158791.639714
140.000000 158294.968509
145.000000 163513.602873
150.000000 163437.602531
155.000000 167371.195819
160.000000 163873.407143
165.000000 169542.246560
170.000000 176767.618604
175.000000 173069.946649
180.000000 179127.771905
185.000000 179674.173574
190.000000 189898.330636
195.000000 186660.601583
200.000000 181685.642260
205.000000 204251.573866

#  Roi 2; cumulated distance [mm]: 23.436; pos: [107.40239008 136.5007421  112.35978522]; Volume Error [%] <= 1.42163401; in Frame : True
  0.000000 130.929216
  5.000000 192.724858
 10.000000 178.458188
 15.000000 175.108431
 20.000000 168.398433
 25.000000 225.307389
 30.000000 386.222312
 35.000000 753.000173
 40.000000 1405.172729
 45.000000 3055.617451
 50.000000 6816.743641
 55.000000 13364.147208
 60.000000 22712.942189
 65.000000 33150.370095
 70.000000 44346.701620
 75.000000 54054.886172
 80.000000 65462.060871
 85.000000 74619.937492
 90.000000 83562.224201
 95.000000 90299.713489
100.000000 96135.451634
105.000000 103177.653314
110.000000 107530.280902
115.000000 110888.556125
120.000000 113891.560657
125.000000 119413.256342
130.000000 120718.264154
135.000000 125200.622982
140.000000 129750.561322
145.000000 129091.069235
150.000000 132082.910412
155.000000 133522.085900
160.000000 137760.060313
165.000000 139449.957242
170.000000 140444.300154
175.000000 145178.937548
180.000000 148443.248241
185.000000 150191.971188
190.000000 159500.900548
195.000000 153599.383477
200.000000 166284.103823
205.000000 177078.248508

#  Roi 3; cumulated distance [mm]: 35.18; pos: [116.90830816 143.11563544 114.31072412]; Volume Error [%] <= 1.42163401; in Frame : True
  0.000000 135.158640
  5.000000 209.606117
 10.000000 189.858761
 15.000000 176.419012
 20.000000 189.961843
 25.000000 230.531760
 30.000000 336.452185
 35.000000 555.516299
 40.000000 930.877909
 45.000000 1615.132687
 50.000000 3397.027172
 55.000000 7343.254488
 60.000000 13337.123699
 65.000000 21145.966244
 70.000000 29038.327161
 75.000000 37180.140929
 80.000000 44191.067746
 85.000000 51012.627610
 90.000000 57337.928873
 95.000000 63154.235107
100.000000 68636.625232
105.000000 71570.940801
110.000000 75884.630333
115.000000 79320.601774
120.000000 83579.791250
125.000000 88075.024120
130.000000 89173.150699
135.000000 91305.238034
140.000000 93307.547221
145.000000 97147.240606
150.000000 95923.029703
155.000000 100618.943568
160.000000 96640.984222
165.000000 106689.823113
170.000000 111246.959519
175.000000 117855.032060
180.000000 113899.690994
185.000000 130683.200936
190.000000 124331.030220
195.000000 125495.884589
200.000000 141494.128656
205.000000 143453.876178

#  Roi 4; cumulated distance [mm]: 46.922; pos: [126.52323953 149.7055532  115.72479953]; Volume Error [%] <= 1.42163401; in Frame : True
  0.000000 140.672003
  5.000000 236.830544
 10.000000 208.529515
 15.000000 194.712786
 20.000000 199.865308
 25.000000 238.049420
 30.000000 323.590928
 35.000000 470.539997
 40.000000 750.012920
 45.000000 1142.733264
 50.000000 1858.461818
 55.000000 4063.987225
 60.000000 8280.902394
 65.000000 13658.383741
 70.000000 21276.506664
 75.000000 28763.737552
 80.000000 35458.930908
 85.000000 42059.069802
 90.000000 47985.335327
 95.000000 53863.540633
100.000000 58176.003753
105.000000 63031.784170
110.000000 67130.467670
115.000000 70375.815247
120.000000 73570.108064
125.000000 75251.524589
130.000000 75560.554696
135.000000 77566.268744
140.000000 81268.420369
145.000000 82623.585049
150.000000 83759.717505
155.000000 87411.269204
160.000000 85934.102381
165.000000 92572.442652
170.000000 97618.956549
175.000000 101804.129618
180.000000 101053.646590
185.000000 107335.282896
190.000000 105896.168952
195.000000 107798.460871
200.000000 111975.981380
205.000000 126860.017918

#  Roi 5; cumulated distance [mm]: 58.661; pos: [136.35692816 156.10612629 116.0980827 ]; Volume Error [%] <= 1.42163401; in Frame : True
  0.000000 178.496050
  5.000000 254.319122
 10.000000 226.042541
 15.000000 202.506092
 20.000000 211.081657
 25.000000 263.464011
 30.000000 338.413811
 35.000000 448.567373
 40.000000 627.853318
 45.000000 966.444078
 50.000000 1403.710485
 55.000000 2955.411140
 60.000000 5547.292119
 65.000000 10031.745343
 70.000000 15704.546818
 75.000000 22192.414490
 80.000000 29176.285540
 85.000000 35748.102131
 90.000000 42209.738704
 95.000000 47727.187203
100.000000 52484.816627
105.000000 56139.401377
110.000000 61669.433830
115.000000 64254.452497
120.000000 66792.608944
125.000000 71563.060253
130.000000 72939.143940
135.000000 74370.359815
140.000000 78705.693595
145.000000 82949.937148
150.000000 81230.499039
155.000000 87040.704229
160.000000 86226.334504
165.000000 93235.992686
170.000000 90317.797785
175.000000 98992.682998
180.000000 102746.462528
185.000000 103401.792846
190.000000 114688.390830
195.000000 113295.222713
200.000000 128423.779411
205.000000 118572.127202

#  Roi 6; cumulated distance [mm]: 70.394; pos: [146.75943448 161.5189779  115.70967247]; Volume Error [%] <= 1.42163401; in Frame : True
  0.000000 226.012671
  5.000000 274.663999
 10.000000 256.325944
 15.000000 227.376712
 20.000000 240.839567
 25.000000 274.463743
 30.000000 352.143592
 35.000000 490.697505
 40.000000 644.808434
 45.000000 817.637620
 50.000000 1226.997341
 55.000000 2274.310193
 60.000000 4299.157855
 65.000000 7860.481172
 70.000000 12793.822325
 75.000000 18232.505349
 80.000000 23957.011915
 85.000000 29371.120807
 90.000000 35344.981686
 95.000000 40823.486438
100.000000 46111.364152
105.000000 51884.362176
110.000000 54426.484045
115.000000 58680.680393
120.000000 62156.348952
125.000000 65357.104175
130.000000 70854.434127
135.000000 69758.894565
140.000000 72604.655762
145.000000 76115.156828
150.000000 78520.794938
155.000000 80504.625934
160.000000 83818.186428
165.000000 87947.149129
170.000000 91825.778019
175.000000 93396.843502
180.000000 93906.852743
185.000000 99450.869811
190.000000 102900.492437
195.000000 109292.794578
200.000000 125692.393402
205.000000 133654.396135

#  Roi 7; cumulated distance [mm]: 82.107; pos: [158.01582547 164.74990046 115.4673451 ]; Volume Error [%] <= 1.42163401; in Frame : True
  0.000000 295.985612
  5.000000 315.062035
 10.000000 277.442871
 15.000000 254.665497
 20.000000 254.629831
 25.000000 309.481751
 30.000000 403.143761
 35.000000 540.731490
 40.000000 759.212651
 45.000000 926.730123
 50.000000 1230.227846
 55.000000 2099.878341
 60.000000 4099.026246
 65.000000 7757.595938
 70.000000 12572.650427
 75.000000 18806.204721
 80.000000 24537.616128
 85.000000 30732.543152
 90.000000 37015.436208
 95.000000 42795.897750
100.000000 49333.752350
105.000000 54440.167159
110.000000 58573.544465
115.000000 61551.830106
120.000000 66383.717070
125.000000 70754.531470
130.000000 71605.500761
135.000000 79007.660007
140.000000 83090.121124
145.000000 83760.047834
150.000000 87911.200085
155.000000 88991.847269
160.000000 95211.791564
165.000000 97166.990770
170.000000 107701.549995
175.000000 108742.533430
180.000000 111809.143256
185.000000 115351.436539
190.000000 121250.346613
195.000000 133548.421099
200.000000 142186.114857
205.000000 144662.554183

#  Roi 8; cumulated distance [mm]: 93.81700000000001; pos: [169.69033333 165.08411111 116.311     ]; Volume Error [%] <= 1.42163401; in Frame : True
  0.000000 536.924796
  5.000000 375.306481
 10.000000 329.945254
 15.000000 295.826685
 20.000000 308.900311
 25.000000 366.295700
 30.000000 466.192314
 35.000000 622.190540
 40.000000 852.230331
 45.000000 1068.342745
 50.000000 1351.934193
 55.000000 1868.837374
 60.000000 3432.542948
 65.000000 6459.568513
 70.000000 11275.039280
 75.000000 17852.343655
 80.000000 24664.998285
 85.000000 32141.415015
 90.000000 38775.125390
 95.000000 46065.417600
100.000000 52264.914305
105.000000 58147.512970
110.000000 64211.958993
115.000000 69588.098966
120.000000 73014.940880
125.000000 79067.417432
130.000000 82982.799626
135.000000 86339.571479
140.000000 92284.311485
145.000000 93956.877898
150.000000 98764.786961
155.000000 106000.267230
160.000000 106539.568308
165.000000 107817.324974
170.000000 118398.267020
175.000000 126808.790468
180.000000 124588.697696
185.000000 133354.512039
190.000000 138924.924822
195.000000 142168.575826
200.000000 151000.258695
205.000000 175697.929470

