Inputfile;C:/Users/h.lanzrath/Documents/Run01_FLOSTPoplar02B01M06_Ring999_12600s/frames\images_frame_00_0s-300s--iteration-014.img
Number of virtual detectors;15
Detector radius [px];15.0
Detector height [px];7.0
Voxel size X [mm]);0.8999999999999987;Voxel size Y [mm]);0.8999999999999987;Voxel size Z [mm]);1.0000000000000009

# Roi 0; cumulated distance [mm]: 0.0; pos: [ 81.37333333 114.296      182.4012    ]; Volume Error [%] <= 1.42163401; in Frame : True
  0.000000 193.179164
  5.000000 287.326243
 10.000000 273.544766
 15.000000 261.833706
 20.000000 1042.796922
 25.000000 19319.898594
 30.000000 68713.599014
 35.000000 131628.667902
 40.000000 180564.105166
 45.000000 212251.177772
 50.000000 231043.318693
 55.000000 244095.525049
 60.000000 252862.234220
 65.000000 258742.023961
 70.000000 264764.593651
 75.000000 271292.398185
 80.000000 278393.134976
 85.000000 282121.651391
 90.000000 281288.713231
 95.000000 286419.077946
100.000000 289022.510692
105.000000 293558.946039
110.000000 294019.919328
115.000000 298526.206038
120.000000 303308.706737
125.000000 297888.878503
130.000000 305517.295425
135.000000 305620.754658
140.000000 312711.302949
145.000000 317621.737333
150.000000 312614.586902
155.000000 313771.173278
160.000000 319664.507918
165.000000 326819.013970
170.000000 340245.632018
175.000000 325910.053893
180.000000 339143.666430
185.000000 335022.627917
190.000000 347607.991298
195.000000 358699.524649
200.000000 364835.505718
205.000000 350807.457959

#  Roi 1; cumulated distance [mm]: 12.204; pos: [ 76.57488214 119.64424276 172.53687678]; Volume Error [%] <= 1.42163401; in Frame : True
  0.000000 182.457446
  5.000000 279.258463
 10.000000 256.873182
 15.000000 253.650957
 20.000000 735.212620
 25.000000 16295.811795
 30.000000 69727.290859
 35.000000 150722.436844
 40.000000 220086.961764
 45.000000 265150.734479
 50.000000 292993.385866
 55.000000 306936.674445
 60.000000 314649.760572
 65.000000 321268.468430
 70.000000 324249.623621
 75.000000 327784.723040
 80.000000 333383.982736
 85.000000 335558.555760
 90.000000 335824.207806
 95.000000 335238.233228
100.000000 340101.956457
105.000000 340730.383313
110.000000 339801.047866
115.000000 343262.361374
120.000000 342032.897546
125.000000 345416.370885
130.000000 347328.888540
135.000000 341289.918072
140.000000 345150.273723
145.000000 349278.898208
150.000000 356380.089506
155.000000 359214.290402
160.000000 350281.401512
165.000000 345907.944447
170.000000 349394.400744
175.000000 360805.967381
180.000000 380391.580137
185.000000 367055.635925
190.000000 360493.782385
195.000000 368531.198254
200.000000 386804.421200
205.000000 394992.114046

#  Roi 2; cumulated distance [mm]: 24.522; pos: [ 73.86461254 121.00831125 160.59883255]; Volume Error [%] <= 1.42163401; in Frame : True
  0.000000 166.543779
  5.000000 242.388847
 10.000000 213.294248
 15.000000 204.808758
 20.000000 398.941804
 25.000000 12768.023242
 30.000000 71802.960286
 35.000000 199402.595354
 40.000000 342541.271432
 45.000000 456265.634209
 50.000000 531746.093531
 55.000000 574980.427691
 60.000000 600181.390872
 65.000000 615140.099570
 70.000000 618155.139384
 75.000000 616581.517319
 80.000000 620596.325696
 85.000000 615709.199153
 90.000000 607670.816513
 95.000000 596896.046773
100.000000 589098.140502
105.000000 581959.175682
110.000000 571827.978582
115.000000 563731.706564
120.000000 550114.757745
125.000000 540995.941452
130.000000 531008.486884
135.000000 526353.702463
140.000000 523607.919559
145.000000 512767.263679
150.000000 506962.914211
155.000000 502677.524367
160.000000 491746.350621
165.000000 485002.170121
170.000000 488719.237696
175.000000 484968.709327
180.000000 487629.870420
185.000000 482446.403663
190.000000 475001.237512
195.000000 462702.471346
200.000000 458539.203098
205.000000 497404.791361

#  Roi 3; cumulated distance [mm]: 36.869; pos: [ 72.79344759 120.63242077 148.30414805]; Volume Error [%] <= 1.42163401; in Frame : True
  0.000000 139.932833
  5.000000 220.762845
 10.000000 181.686894
 15.000000 180.216579
 20.000000 211.950403
 25.000000 2854.852403
 30.000000 24347.192890
 35.000000 89195.433473
 40.000000 190025.326447
 45.000000 292689.693261
 50.000000 374285.944116
 55.000000 430750.532276
 60.000000 469649.101872
 65.000000 489443.460776
 70.000000 503961.101080
 75.000000 505918.798189
 80.000000 508371.910957
 85.000000 511851.975404
 90.000000 503859.987899
 95.000000 497436.601893
100.000000 491181.165851
105.000000 482213.212713
110.000000 481345.167880
115.000000 470661.077485
120.000000 457373.449076
125.000000 453430.020067
130.000000 443353.927590
135.000000 438710.547261
140.000000 428124.961995
145.000000 424678.637560
150.000000 424104.490317
155.000000 408835.256227
160.000000 403699.804253
165.000000 398317.043312
170.000000 399648.967001
175.000000 396043.890636
180.000000 383776.870011
185.000000 387814.818125
190.000000 386183.266294
195.000000 380141.684743
200.000000 383731.058072
205.000000 371534.173681

#  Roi 4; cumulated distance [mm]: 49.22; pos: [ 73.06742709 119.87417058 135.97961547]; Volume Error [%] <= 1.42163401; in Frame : True
  0.000000 124.238127
  5.000000 185.575176
 10.000000 164.239936
 15.000000 173.732548
 20.000000 183.456149
 25.000000 829.496612
 30.000000 11619.690582
 35.000000 48741.157717
 40.000000 116049.258177
 45.000000 189576.409111
 50.000000 251403.557424
 55.000000 294246.888244
 60.000000 323688.050121
 65.000000 344908.530075
 70.000000 356009.998491
 75.000000 361546.329302
 80.000000 362917.516312
 85.000000 364001.900773
 90.000000 361763.035001
 95.000000 358349.134968
100.000000 354801.853167
105.000000 350635.096100
110.000000 344416.331718
115.000000 341954.496224
120.000000 333633.671850
125.000000 324382.884550
130.000000 324587.225290
135.000000 320706.965937
140.000000 313741.237419
145.000000 310211.387249
150.000000 300141.858778
155.000000 299695.125263
160.000000 293873.215915
165.000000 296494.352753
170.000000 295462.031248
175.000000 291205.491014
180.000000 283624.161056
185.000000 282748.071742
190.000000 283519.432774
195.000000 294762.829746
200.000000 278888.281341
205.000000 293740.872435

#  Roi 5; cumulated distance [mm]: 61.563; pos: [ 74.75346052 119.78393714 123.75260881]; Volume Error [%] <= 1.42163401; in Frame : True
  0.000000 108.017803
  5.000000 162.088609
 10.000000 154.336912
 15.000000 138.724134
 20.000000 154.893250
 25.000000 275.923472
 30.000000 6104.993785
 35.000000 32878.408561
 40.000000 95383.762639
 45.000000 178219.588021
 50.000000 252712.774378
 55.000000 305553.838500
 60.000000 339742.509170
 65.000000 360096.338843
 70.000000 372861.217183
 75.000000 380373.379559
 80.000000 380200.968976
 85.000000 379293.991335
 90.000000 378933.161977
 95.000000 376065.900788
100.000000 367637.367091
105.000000 359994.202617
110.000000 355369.561827
115.000000 350790.378728
120.000000 346883.196891
125.000000 337537.601555
130.000000 330510.752285
135.000000 327244.519860
140.000000 321351.984339
145.000000 315384.376085
150.000000 306942.335339
155.000000 306296.705863
160.000000 299582.893261
165.000000 293531.986319
170.000000 288843.666729
175.000000 290701.943180
180.000000 292931.692754
185.000000 277957.743556
190.000000 286521.546515
195.000000 286050.809602
200.000000 273406.685886
205.000000 279898.520521

#  Roi 6; cumulated distance [mm]: 73.881; pos: [ 78.35723738 121.30507854 112.07268617]; Volume Error [%] <= 1.42163401; in Frame : True
  0.000000  86.808902
  5.000000 136.075951
 10.000000 133.190373
 15.000000 114.275937
 20.000000 126.577875
 25.000000 175.657796
 30.000000 2878.097207
 35.000000 23677.608301
 40.000000 91878.643828
 45.000000 216536.343700
 50.000000 359599.692306
 55.000000 482859.418489
 60.000000 574898.747938
 65.000000 634879.062431
 70.000000 673800.944408
 75.000000 698903.276444
 80.000000 711279.945741
 85.000000 717814.501429
 90.000000 721517.626339
 95.000000 722767.310219
100.000000 719067.620719
105.000000 713925.811875
110.000000 709412.774809
115.000000 703552.363156
120.000000 701050.405741
125.000000 689092.473039
130.000000 687962.840692
135.000000 675406.677950
140.000000 672708.915016
145.000000 672496.408379
150.000000 664060.128905
155.000000 662443.771223
160.000000 651336.022775
165.000000 647606.902970
170.000000 642135.830056
175.000000 637269.666662
180.000000 640907.364009
185.000000 640168.322772
190.000000 623927.347368
195.000000 621783.723499
200.000000 641724.699495
205.000000 614425.259901

#  Roi 7; cumulated distance [mm]: 84.637; pos: [ 86.70217026 126.14266387 107.31368122]; Volume Error [%] <= 1.42163401; in Frame : True
  0.000000 100.567601
  5.000000 150.967599
 10.000000 144.991208
 15.000000 124.135053
 20.000000 140.838991
 25.000000 175.367674
 30.000000 463.132547
 35.000000 1556.096180
 40.000000 6053.855355
 45.000000 17685.484151
 50.000000 37623.795328
 55.000000 63500.012236
 60.000000 91193.120549
 65.000000 116866.948494
 70.000000 138530.682808
 75.000000 158404.177915
 80.000000 174773.624209
 85.000000 185788.892479
 90.000000 194565.571742
 95.000000 202275.736161
100.000000 207229.110135
105.000000 210977.430416
110.000000 213912.164320
115.000000 217391.045575
120.000000 217288.617602
125.000000 219364.972406
130.000000 222940.693604
135.000000 221624.042469
140.000000 223475.261198
145.000000 227032.294747
150.000000 224691.886137
155.000000 219278.066932
160.000000 229386.428859
165.000000 229351.912434
170.000000 231841.949353
175.000000 235827.995106
180.000000 237998.628074
185.000000 239706.144585
190.000000 242720.726651
195.000000 237174.001901
200.000000 258360.830383
205.000000 262975.499279

#  Roi 8; cumulated distance [mm]: 96.979; pos: [ 95.6027187  131.45108294 114.01714469]; Volume Error [%] <= 1.42163401; in Frame : True
  0.000000 119.248268
  5.000000 180.154455
 10.000000 167.930020
 15.000000 162.363249
 20.000000 165.618768
 25.000000 225.874986
 30.000000 407.745346
 35.000000 887.472992
 40.000000 2193.205235
 45.000000 5422.596431
 50.000000 12836.700701
 55.000000 24990.821651
 60.000000 39846.873798
 65.000000 56246.549238
 70.000000 72840.280583
 75.000000 88078.780886
 80.000000 101332.485700
 85.000000 112790.084142
 90.000000 123480.267432
 95.000000 131211.845265
100.000000 137879.362105
105.000000 144691.896237
110.000000 149396.949491
115.000000 152420.561715
120.000000 156321.224771
125.000000 157092.323258
130.000000 157535.289809
135.000000 158024.908725
140.000000 158627.433040
145.000000 163798.601724
150.000000 161895.463457
155.000000 165722.833373
160.000000 165883.181246
165.000000 168599.778584
170.000000 174193.944755
175.000000 173390.441652
180.000000 175474.636461
185.000000 182218.491006
190.000000 189255.959113
195.000000 184628.700223
200.000000 179876.721292
205.000000 206679.275177

#  Roi 9; cumulated distance [mm]: 109.261; pos: [106.01124    137.13725235 117.20565502]; Volume Error [%] <= 1.42163401; in Frame : True
  0.000000 132.808538
  5.000000 199.961265
 10.000000 186.696326
 15.000000 175.585464
 20.000000 171.899670
 25.000000 235.584686
 30.000000 394.522031
 35.000000 790.867096
 40.000000 1453.493782
 45.000000 3084.862453
 50.000000 6819.202897
 55.000000 13302.961210
 60.000000 22434.885003
 65.000000 32745.875272
 70.000000 44243.752956
 75.000000 53939.471967
 80.000000 65729.153121
 85.000000 74533.425120
 90.000000 83446.791052
 95.000000 90170.775650
100.000000 95905.155012
105.000000 103187.338598
110.000000 107371.227697
115.000000 111321.432112
120.000000 113396.630413
125.000000 118934.278100
130.000000 119917.337085
135.000000 125444.559690
140.000000 130338.059996
145.000000 130082.721796
150.000000 131022.703597
155.000000 133093.956892
160.000000 138803.205286
165.000000 140477.554161
170.000000 141995.372832
175.000000 146148.222242
180.000000 149898.837585
185.000000 154110.954521
190.000000 161441.415506
195.000000 154932.442934
200.000000 165918.647852
205.000000 179001.942355

#  Roi 10; cumulated distance [mm]: 121.606; pos: [117.19032072 142.37243781 117.3195331 ]; Volume Error [%] <= 1.42163401; in Frame : True
  0.000000 140.145096
  5.000000 219.172146
 10.000000 197.455481
 15.000000 181.567888
 20.000000 192.224553
 25.000000 244.580315
 30.000000 351.353705
 35.000000 579.839981
 40.000000 957.799079
 45.000000 1651.081556
 50.000000 3492.761725
 55.000000 7382.274079
 60.000000 13429.564351
 65.000000 21267.269505
 70.000000 29224.861785
 75.000000 37555.764468
 80.000000 44342.989973
 85.000000 51123.457880
 90.000000 57697.902424
 95.000000 63188.258119
100.000000 68754.203365
105.000000 71956.985479
110.000000 75849.654015
115.000000 79786.543977
120.000000 84162.387040
125.000000 88688.421144
130.000000 88454.101464
135.000000 91491.413978
140.000000 93628.946818
145.000000 98390.784743
150.000000 97581.372267
155.000000 101416.894931
160.000000 97055.698867
165.000000 107838.375150
170.000000 111620.697607
175.000000 118370.951470
180.000000 113690.002175
185.000000 129472.509323
190.000000 123139.891476
195.000000 125309.461712
200.000000 141561.533554
205.000000 146312.698358

#  Roi 11; cumulated distance [mm]: 133.962; pos: [128.53683086 147.17545332 116.39459118]; Volume Error [%] <= 1.42163401; in Frame : True
  0.000000 144.716623
  5.000000 237.391946
 10.000000 204.785024
 15.000000 195.214163
 20.000000 204.384180
 25.000000 241.795475
 30.000000 330.728560
 35.000000 472.536297
 40.000000 723.998950
 45.000000 1071.629917
 50.000000 1824.373644
 55.000000 3958.260692
 60.000000 7963.206931
 65.000000 13292.599391
 70.000000 20778.522842
 75.000000 27885.652855
 80.000000 34946.460064
 85.000000 41493.586554
 90.000000 47323.980402
 95.000000 52738.476906
100.000000 57331.430373
105.000000 61953.359179
110.000000 66125.682043
115.000000 69418.829184
120.000000 72503.065632
125.000000 74444.824166
130.000000 74183.021442
135.000000 75923.799605
140.000000 80060.592844
145.000000 80854.577938
150.000000 82665.532661
155.000000 86357.348928
160.000000 85170.047256
165.000000 91794.930419
170.000000 95945.179013
175.000000 100960.769915
180.000000 101372.503706
185.000000 102949.714724
190.000000 105722.451204
195.000000 109526.742520
200.000000 111921.554692
205.000000 123041.964606

#  Roi 12; cumulated distance [mm]: 146.31799999999998; pos: [139.91256248 151.90750301 115.46080542]; Volume Error [%] <= 1.42163401; in Frame : True
  0.000000 179.277583
  5.000000 250.627202
 10.000000 221.664297
 15.000000 209.676139
 20.000000 215.397120
 25.000000 265.253847
 30.000000 329.490761
 35.000000 429.113585
 40.000000 633.778876
 45.000000 925.952054
 50.000000 1343.277579
 55.000000 2843.061075
 60.000000 5450.959145
 65.000000 9816.477448
 70.000000 15107.390857
 75.000000 22060.565067
 80.000000 28883.120547
 85.000000 35429.174364
 90.000000 41915.231558
 95.000000 47255.440028
100.000000 52053.921888
105.000000 56118.329621
110.000000 61318.724765
115.000000 63773.379813
120.000000 66741.228103
125.000000 70113.340914
130.000000 73850.720979
135.000000 75108.769503
140.000000 78451.194494
145.000000 82866.481413
150.000000 82005.806663
155.000000 83536.169175
160.000000 87506.536408
165.000000 90616.721848
170.000000 90916.346820
175.000000 98261.859446
180.000000 101127.558671
185.000000 104505.985815
190.000000 115904.159094
195.000000 107274.570264
200.000000 121974.105537
205.000000 121140.738899

#  Roi 13; cumulated distance [mm]: 158.665; pos: [151.1737031  156.97011374 115.56875226]; Volume Error [%] <= 1.42163401; in Frame : True
  0.000000 229.028722
  5.000000 274.103798
 10.000000 252.472577
 15.000000 224.558697
 20.000000 235.246648
 25.000000 271.511322
 30.000000 356.931840
 35.000000 474.314098
 40.000000 641.743527
 45.000000 828.732118
 50.000000 1127.982684
 55.000000 2078.868388
 60.000000 4219.017773
 65.000000 7684.079088
 70.000000 12301.814049
 75.000000 18141.933841
 80.000000 23395.003005
 85.000000 29765.234407
 90.000000 34707.294358
 95.000000 41347.161120
100.000000 45502.301751
105.000000 51359.070957
110.000000 55518.790479
115.000000 59015.649859
120.000000 63712.578040
125.000000 66587.973020
130.000000 70686.355861
135.000000 71675.903927
140.000000 74770.166023
145.000000 80321.021740
150.000000 83855.458807
155.000000 82909.674613
160.000000 82561.786298
165.000000 91331.577985
170.000000 94869.950367
175.000000 99037.548024
180.000000 102025.558414
185.000000 109285.140205
190.000000 111279.534906
195.000000 118857.130068
200.000000 125889.111374
205.000000 139957.670102

#  Roi 14; cumulated distance [mm]: 171.009; pos: [162.00117323 162.59207831 117.44918823]; Volume Error [%] <= 1.42163401; in Frame : True
  0.000000 334.181782
  5.000000 330.191653
 10.000000 295.602435
 15.000000 261.025297
 20.000000 270.655919
 25.000000 312.705212
 30.000000 407.836359
 35.000000 531.068090
 40.000000 758.449888
 45.000000 931.232533
 50.000000 1239.389021
 55.000000 1972.549292
 60.000000 3629.984500
 65.000000 6981.296901
 70.000000 11132.682415
 75.000000 17174.128414
 80.000000 23213.878290
 85.000000 29153.005893
 90.000000 35649.693750
 95.000000 41210.802397
100.000000 48065.505609
105.000000 53093.258428
110.000000 57489.679954
115.000000 61729.923914
120.000000 66189.199263
125.000000 69995.469563
130.000000 71097.677252
135.000000 77825.324291
140.000000 82437.191351
145.000000 85672.024187
150.000000 87195.994107
155.000000 93338.010254
160.000000 95230.034003
165.000000 99098.093848
170.000000 103808.891638
175.000000 107020.276011
180.000000 111325.095468
185.000000 123871.851582
190.000000 121931.104528
195.000000 129679.002071
200.000000 140666.838375
205.000000 133178.705321

